0 0 0.487619046875 0.02 0.47428571406250003 0.024 0.451428571875 0.024 0.432380953125 0.017333332812499998 0.3866666671875 0.002 0.33714285781250003 0 0.33714285781250003 0 0.487619046875
0 0 0.8533333328125 0.013333332812500001 0.8628571421875 0.0346666671875 0.85904761875 0.0606666671875 0.830476190625 0.076 0.7828571421875 0.0853333328125 0.72 0.09 0.628571428125 0.086 0.5961904765625 0.0773333328125 0.5599999999999999 0.05600000000000001 0.5028571421875 0.032 0.4780952375 0.0066666671875 0.48380952343750006 0 0.49142857187500005 0 0.8533333328125
0 0.06999999999999999 0.5333333328125 0.09 0.6038095234374999 0.09733333281249999 0.5447619046875001 0.1066666671875 0.5066666671875 0.1206666671875 0.4857142859375 0.1393333328125 0.4819047625 0.1506666671875 0.46666666718750005 0.146 0.42285714218750003 0.1266666671875 0.36 0.0926666671875 0.3257142859375 0.07666666718750001 0.32952380937500003 0.0453333328125 0.371428571875 0.032 0.411428571875 0.0226666671875 0.46285714218749996 0.0233333328125 0.47428571406250003 0.0426666671875 0.4819047625 0.057999999999999996 0.5028571421875 0.06999999999999999 0.5333333328125
0 0.1473333328125 0.4247619046875 0.1473333328125 0.4438095234375 0.1533333328125 0.46095238125 0.1666666671875 0.3866666671875 0.18 0.34857142812499997 0.194 0.32380952343749997 0.1893333328125 0.27999999999999997 0.1813333328125 0.247619046875 0.16599999999999998 0.2228571421875 0.148 0.2133333328125 0.1266666671875 0.21523809531250002 0.1066666671875 0.23238095312499998 0.0926666671875 0.2571428578125 0.078 0.308571428125 0.076 0.3257142859375 0.10066666718749999 0.327619046875 0.128 0.3580952375 0.1473333328125 0.4247619046875
0 0.136 0.8400000000000001 0.14466666718750001 0.847619046875 0.1593333328125 0.847619046875 0.192 0.828571428125 0.20866666718750002 0.7961904765625001 0.2253333328125 0.7219047625 0.22999999999999998 0.6628571421875 0.22799999999999998 0.5828571421875 0.2166666671875 0.508571428125 0.2006666671875 0.47238095312499995 0.194 0.46666666718750005 0.16 0.46666666718750005 0.136 0.4857142859375 0.1186666671875 0.48952380937499995 0.10333333281249998 0.5219047625 0.094 0.5847619046875 0.0933333328125 0.649523809375 0.10333333281249998 0.7428571421875 0.1153333328125 0.7961904765625001 0.136 0.8400000000000001
0 0.2013333328125 0.470476190625 0.2153333328125 0.5009523812500001 0.2226666671875 0.5333333328125 0.2293333328125 0.5828571421875 0.23199999999999998 0.6590476187500001 0.23866666718750001 0.590476190625 0.248 0.5447619046875001 0.2666666671875 0.5142857140625 0.2833333328125 0.4971428578125 0.2766666671875 0.447619046875 0.2513333328125 0.3638095234375 0.22999999999999998 0.327619046875 0.21800000000000003 0.3161904765625 0.196 0.3257142859375 0.17733333281250002 0.36 0.1646666671875 0.40190476249999996 0.158 0.4438095234375 0.1573333328125 0.45904761875 0.1593333328125 0.46285714218749996 0.1926666671875 0.46285714218749996 0.2013333328125 0.470476190625
0 0.25466666718750003 0.369523809375 0.27999999999999997 0.4533333328125 0.2853333328125 0.4933333328125 0.29133333281249996 0.48952380937499995 0.296 0.43809523749999996 0.30533333281249997 0.3942857140625 0.3153333328125 0.36 0.3253333328125 0.33904761875 0.3226666671875 0.289523809375 0.31466666718749997 0.247619046875 0.3026666671875 0.22095238125 0.2793333328125 0.2057142859375 0.2786666671875 0.1942857140625 0.272 0.2038095234375 0.24333333281249997 0.2038095234375 0.23133333281250001 0.2171428578125 0.22000000000000003 0.249523809375 0.2113333328125 0.291428571875 0.2106666671875 0.312380953125 0.2266666671875 0.32 0.24533333281249997 0.3466666671875 0.25466666718750003 0.369523809375
0 0.3446666671875 0.48380952343750006 0.344 0.47428571406250003 0.3466666671875 0.46666666718750005 0.352 0.468571428125 0.3526666671875 0.4933333328125 0.356 0.4971428578125 0.3566666671875 0.5161904765625 0.3713333328125 0.5733333328125 0.37266666718749997 0.5885714281250001 0.37266666718749997 0.5638095234375 0.3826666671875 0.5009523812500001 0.3986666671875 0.46666666718750005 0.42133333281249996 0.4419047625 0.4086666671875 0.3866666671875 0.3953333328125 0.34857142812499997 0.376 0.327619046875 0.3506666671875 0.32 0.32799999999999996 0.33904761875 0.3186666671875 0.3580952375 0.3046666671875 0.4 0.29533333281249996 0.4571428578125 0.2946666671875 0.4933333328125 0.3286666671875 0.48380952343750006 0.34199999999999997 0.487619046875 0.3446666671875 0.48380952343750006
0 0.2786666671875 0.8380952374999999 0.3306666671875 0.8400000000000001 0.3453333328125 0.828571428125 0.3613333328125 0.792380953125 0.37266666718749997 0.729523809375 0.37533333281250003 0.6457142859375 0.372 0.6019047625 0.36666666718749996 0.5638095234375 0.3526666671875 0.5066666671875 0.3453333328125 0.487619046875 0.3446666671875 0.4933333328125 0.32599999999999996 0.487619046875 0.29333333281249996 0.4971428578125 0.2713333328125 0.512380953125 0.256 0.5333333328125 0.246 0.5580952375 0.2366666671875 0.630476190625 0.238 0.6971428578125 0.248 0.769523809375 0.266 0.82095238125 0.2786666671875 0.8380952374999999
0 0.404 0.7733333328125 0.41733333281249996 0.7961904765625001 0.44266666718750003 0.8133333328125 0.472 0.8019047625000001 0.48266666718750006 0.7866666671875 0.49000000000000005 0.7657142859375 0.4993333328125 0.72 0.5073333328125 0.6 0.506 0.5657142859375 0.4993333328125 0.512380953125 0.49000000000000005 0.470476190625 0.48266666718750006 0.44571428593749995 0.47066666718750005 0.4247619046875 0.46299999999999997 0.4266666671875 0.46266666718750005 0.41904761874999996 0.4446666671875 0.42285714218750003 0.4346666671875 0.4419047625 0.404 0.46285714218749996 0.3926666671875 0.48 0.382 0.508571428125 0.376 0.5561904765625 0.37466666718749997 0.5942857140625 0.38333333281250004 0.689523809375 0.396 0.7504761906249999 0.404 0.7733333328125
0 0.44266666718750003 0.41904761874999996 0.46266666718750005 0.41333333281250006 0.4733333328125 0.42285714218750003 0.48200000000000004 0.44000000000000006 0.49800000000000005 0.4971428578125 0.5093333328125 0.58095238125 0.528 0.5142857140625 0.5513333328125001 0.47238095312499995 0.5519999999999999 0.390476190625 0.5446666671875 0.3428571421875 0.5286666671875 0.3066666671875 0.5073333328125 0.2819047625 0.47533333281249995 0.2819047625 0.45199999999999996 0.30285714218750004 0.4413333328125 0.3257142859375 0.4233333328125 0.4 0.422 0.4342857140625 0.42533333281249996 0.43809523749999996 0.4346666671875 0.4342857140625 0.44266666718750003 0.41904761874999996
0 0.5533333328125 0.8552380953125001 0.5626666671875 0.8609523812500001 0.5833333328125 0.85904761875 0.6093333328125 0.8323809531249999 0.6306666671875 0.7790476187500001 0.6393333328125 0.7238095234374999 0.64 0.6761904765625 0.6306666671875 0.6171428578125 0.6054666671875 0.5260952375 0.5940000000000001 0.4933333328125 0.5806666671875 0.47428571406250003 0.562 0.470476190625 0.5519999999999999 0.4761904765625 0.5366666671875 0.49904761875 0.5166666671875 0.5580952375 0.5093333328125 0.5980952375 0.5066666671875 0.628571428125 0.5073333328125 0.6780952375 0.518 0.7504761906249999 0.5393333328125001 0.8247619046875 0.5533333328125 0.8552380953125001
0 0.5986666671875 0.5028571421875 0.6233333328125 0.58095238125 0.67 0.44571428593749995 0.6679999999999999 0.4038095234375 0.658 0.3619047625 0.642 0.33142857187499997 0.6213333328124999 0.3142857140625 0.602 0.312380953125 0.5806666671875 0.327619046875 0.5660000000000001 0.36 0.5586666671875 0.4 0.5586666671875 0.468571428125 0.58 0.470476190625 0.588 0.48 0.5986666671875 0.5028571421875
0 0.6526666671875 0.3466666671875 0.6686666671875 0.3942857140625 0.6940000000000001 0.30095238125 0.692 0.26095238125 0.6806666671875 0.2 0.6606666671875 0.16190476250000002 0.642 0.150476190625 0.6206666671875001 0.1561904765625 0.5980000000000001 0.1847619046875 0.584 0.23619047656249997 0.5793333328125 0.2742857140625 0.5793333328125 0.3257142859375 0.606 0.308571428125 0.634 0.32 0.6526666671875 0.3466666671875
0 0.6973333328125 0.4171428578125 0.724 0.4247619046875 0.748 0.46666666718750005 0.7593333328125 0.5219047625 0.7626666671875 0.5066666671875 0.77 0.5047619046875 0.7746666671875 0.4819047625 0.7786666671875 0.4819047625 0.7866666671875 0.5047619046875 0.798 0.468571428125 0.8019999999999999 0.4419047625 0.7993333328125 0.392380953125 0.7866666671875 0.32952380937500003 0.7626666671875 0.2819047625 0.7413333328125 0.25904761875000004 0.72 0.2666666671875 0.7006666671875 0.29333333281249996 0.6813333328125 0.34857142812499997 0.6733333328125 0.38095238125 0.67 0.39809523750000003 0.6706666671875 0.4266666671875 0.6733333328125 0.43809523749999996 0.6973333328125 0.4171428578125
0 0.64 0.7352380953125001 0.6433333328125 0.7561904765625 0.6493333328124999 0.7790476187500001 0.6653333328125 0.7961904765625001 0.6926666671875 0.809523809375 0.7093333328125 0.807619046875 0.724 0.7961904765625001 0.7406666671875 0.7752380953125 0.7506666671875 0.7542857140625 0.7586666671875 0.7257142859375 0.764 0.689523809375 0.7653333328125 0.61904761875 0.76 0.590476190625 0.76 0.567619046875 0.7553333328125 0.5599999999999999 0.7573333328125 0.529523809375 0.7546666671875 0.5047619046875 0.7433333328125 0.46095238125 0.7193333328125 0.42285714218750003 0.6953333328125 0.42095238124999995 0.6726666671875 0.44571428593749995 0.6286666671875001 0.5714285718750001 0.6253333328124999 0.5866666671874999 0.6393333328125 0.6590476187500001 0.6413333328124999 0.6838095234375 0.64 0.7352380953125001
0 0.798 0.7790476187500001 0.8173333328125001 0.8019047625000001 0.852 0.809523809375 0.8653333328124999 0.7980952375 0.8766666671875001 0.7523809531250001 0.8893333328124999 0.7161904765625 0.8926666671874999 0.6933333328125 0.8933333328125 0.6019047625 0.884 0.5352380953125 0.8673333328125 0.4761904765625 0.8566666671875 0.4552380953125 0.8380000000000001 0.4342857140625 0.8133333328125 0.4361904765625 0.8106666671875 0.4533333328125 0.8026666671875 0.45904761875 0.788 0.52 0.7806666671875 0.53904761875 0.768 0.6152380953125001 0.7673333328124999 0.651428571875 0.77 0.689523809375 0.7786666671875 0.7333333328125 0.798 0.7790476187500001
0 0.8233333328124999 0.4266666671875 0.8493333328125001 0.4419047625 0.8699999999999999 0.48 0.892 0.5599999999999999 0.9039999999999999 0.5466666671875 0.906 0.5161904765625 0.9086666671874999 0.5066666671875 0.9119999999999999 0.512380953125 0.9179999999999999 0.4971428578125 0.9206666671875 0.4780952375 0.9213333328125 0.4247619046875 0.9193333328125 0.4 0.908 0.3561904765625 0.884 0.30285714218750004 0.8613333328125 0.2819047625 0.8386666671875 0.2838095234375 0.8293333328125 0.29333333281249996 0.8193333328125 0.3161904765625 0.8106666671875 0.3561904765625 0.8039999999999999 0.4342857140625 0.8033333328125 0.451428571875 0.8066666671875 0.451428571875 0.8140000000000001 0.432380953125 0.8233333328124999 0.4266666671875
0 0.9266666671875001 0.40190476249999996 0.9406666671874999 0.33904761875 0.9526666671875 0.312380953125 0.9720000000000001 0.27999999999999997 0.9933333328125 0.2647619046875 0.9826666671875 0.20761904687500002 0.9706666671875 0.17904761875 0.9593333328125 0.16571428593749998 0.9493333328125001 0.1638095234375 0.9259999999999999 0.1828571421875 0.9186666671875001 0.13904761875 0.9153333328125 0.1447619046875 0.9199999999999999 0.167619046875 0.9233333328125 0.169523809375 0.9226666671875 0.17904761875 0.9186666671875001 0.1866666671875 0.9006666671874999 0.188571428125 0.8886666671875 0.2 0.8826666671875 0.21523809531250002 0.8766666671875001 0.247619046875 0.8746666671875 0.28571428593750003 0.9039999999999999 0.33714285781250003 0.9233333328125 0.40571428593750003 0.9266666671875001 0.40190476249999996
0 0.9631666671874999 0.45904761875 0.986 0.47428571406250003 0.9993333328125 0.4952380953125 0.9993333328125 0.2742857140625 0.9886666671875 0.270476190625 0.978 0.2761904765625 0.9433333328125 0.3352380953125 0.93 0.3847619046875 0.924 0.432380953125 0.9226666671875 0.46476190468749995 0.9259999999999999 0.48380952343750006 0.9453333328125 0.46285714218749996 0.9631666671874999 0.45904761875
0 0.9279999999999999 0.8171428578125 0.9453333328125 0.8361904765625001 0.9640000000000001 0.8400000000000001 0.9846666671875001 0.830476190625 0.9993333328125 0.807619046875 0.9993333328125 0.49904761875 0.9833333328125 0.47428571406250003 0.9673333328125 0.46285714218749996 0.9400000000000001 0.470476190625 0.9199999999999999 0.5009523812500001 0.9113333328125 0.5257142859374999 0.9 0.58095238125 0.8966666671875 0.6152380953125001 0.898 0.6914285718750001 0.9039999999999999 0.73904761875 0.9133333328125 0.78095238125 0.9279999999999999 0.8171428578125