0 0.080450184375 0 0.067229125 0.074980353125 0.0779808921875 0.081327803125 0.0989234203125 0.0868468421875 0.11236385625 0.08830360000000001 0.139608375 0.0839760109375 0.1682583234375 0.071677853125 0.1890938609375 0.0570886515625 0.21284507656249999 0.0311425703125 0.22719775625 0 0.080450184375 0
0 0.1380214046875 0.2845899390625 0.149219965625 0.2728672453125 0.1646883 0.24728697500000002 0.1812475796875 0.1999833828125 0.17639802031250001 0.165341596875 0.153418946875 0.12476362968750002 0.1337770203125 0.1066897734375 0.11731391875 0.0964816578125 0.08074257500000001 0.0863805296875 0.0652722640625 0.0860782609375 0.026400001562499997 0.3065338203125 0.062020859375 0.31684666250000004 0.09681880312499999 0.31111148437499997 0.11687354999999999 0.3009503765625 0.1380214046875 0.2845899390625
0 0 0.5473490578125 0.0057395203125 0.5479952484374999 0.028399787500000002 0.543772484375 0.050069614062500004 0.5348093125 0.07314486406250001 0.517875571875 0.08465574218750001 0.5043816421875 0.0988213140625 0.47583219843749996 0.110693678125 0.43957317187499995 0.11480512968750001 0.41107722343750003 0.1111556671875 0.3903443484375 0.10234865312500001 0.3677889046875 0.080152534375 0.33830683437500003 0.054155120312500006 0.32002548750000004 0.0310242125 0.3113811171875 0.025710501562499998 0.3104441671875 0 0.4562556671875 0 0.5473490578125
0 0 0.790124475 0.015930896875 0.7853858484375 0.0444760171875 0.768503440625 0.06400879375 0.7509450671875 0.083644234375 0.7224469546875001 0.0911954953125 0.705515378125 0.0901002234375 0.6961907171874999 0.09504812500000001 0.6888447859375 0.09863976875 0.6684755609375 0.0977519875 0.6527954125 0.085244178125 0.6149769640625 0.051325367187500005 0.57429633125 0.019701923437499998 0.556849271875 0 0.5540962687500001 0 0.790124475
0 0 0.919549815625 0.032655168750000005 0.925307803125 0.0328284390625 0.92259889375 0.03902344375 0.8926440250000001 0.0391774390625 0.8762344171875001 0.030109440625 0.849980340625 0.0126023984375 0.8249776953125 0 0.8156302484375001 0 0.919549815625
0 0.2401015234375 0.8605261625 0.20665334999999999 0.8327126640625 0.1900340890625 0.823390165625 0.15283811249999998 0.8168315109375 0.107829890625 0.8235058015625001 0.073919728125 0.844921128125 0.052981524999999995 0.87045006875 0.0431905515625 0.889726184375 0.038661956250000004 0.9154091203125001 0.0390254078125 0.9264310484375 0.259921740625 0.96538103125 0.2684499640625 0.927619190625 0.26167300781249997 0.8935507062499999 0.2551592 0.8787048453124999 0.2401015234375 0.8605261625
0 0.29281067968749996 0.7894627062499999 0.3041653984375 0.7768543953125 0.3124461203125 0.76096459375 0.32988885625000003 0.698293171875 0.32754215468750003 0.6805294703125 0.3187351421875 0.657974028125 0.2913279765625 0.6166152671875 0.268404559375 0.6016154109375 0.22683182343750002 0.5888060937499999 0.1981283828125 0.59105013125 0.1562989859375 0.6055901609375 0.13124500781249998 0.6285670718749999 0.10572471562500001 0.669724828125 0.1001543453125 0.6961372234375001 0.1007298078125 0.713588609375 0.10912184218750001 0.748855028125 0.117250728125 0.7648988250000001 0.156639409375 0.8056307890625 0.1706018140625 0.8144848109374999 0.19670189375 0.8218264203125001 0.23931424531249998 0.8183822859375001 0.2578587375 0.8116074937500001 0.29281067968749996 0.7894627062499999
0 0.2946543109375 0.56149943125 0.3141870875 0.5439410578125 0.331946465625 0.510546378125 0.33449416875 0.47538262343750004 0.3307912140625 0.4445956296875 0.32490203906250004 0.42620729375 0.30166414375 0.397454684375 0.2686331125 0.3724542 0.243418653125 0.36526875 0.21252683125 0.3643874546875 0.1701241328125 0.37700009218749997 0.139444128125 0.4008112875 0.1179861171875 0.43446695156250004 0.11106381406250002 0.47890403593749997 0.11278588125 0.5002102109375001 0.11940451562500001 0.5196403234375 0.1468630125 0.5555292125 0.1612425609375 0.5671962500000001 0.1881769265625 0.5801638859375 0.21089068906250003 0.5859952421875 0.22730029843750002 0.5861492390625 0.278298196875 0.57139955625 0.2946543109375 0.56149943125
0 0.3892247359375 0.3307101703125 0.41213950468749994 0.28361407031249997 0.41630445 0.265172240625 0.4148433671875 0.247564696875 0.4088493671875 0.22459211093749998 0.39566559218749997 0.19578600625 0.37138591875000004 0.16776285468750002 0.3559645953125 0.156825278125 0.3263733734375 0.1433891671875 0.2931370140625 0.1402681609375 0.2639650984375 0.145169053125 0.23859664062500002 0.1543932109375 0.21776110312500002 0.16898241249999998 0.1999995640625 0.18685310156249998 0.1889058296875 0.20316004531249998 0.1835942796875 0.217747084375 0.17583985156249998 0.2720821296875 0.1906922 0.3121402890625 0.21934863125 0.3464141 0.235343259375 0.35927907187499997 0.281448915625 0.3774534328125 0.299161284375 0.3805766015625 0.3223948546875 0.3782812328125 0.3449502984375 0.3694742171875 0.3705262453125 0.3538945703125 0.3892247359375 0.3307101703125
0 0.235385775 0 0.23175322031249998 0.0171266703125 0.23149655937500002 0.0444760171875 0.23863716250000003 0.07130339375 0.25286271562499996 0.09938003906250001 0.2648463921875 0.11427723281249999 0.2817266375 0.12729836249999998 0.296886978125 0.13453730625 0.339813809375 0.1448459265625 0.386176125 0.1356709375 0.40607471406249995 0.1263954484375 0.4190445109375 0.1149850703125 0.44669968750000005 0.0668985265625 0.46086093593750005 0.0073011046875 0.458799153125 0 0.235385775 0
0 0.47629075 0 0.47570679687500006 0.0007872953125 0.465291190625 0.023605884375 0.4556093671875 0.07851423125 0.45680946406249995 0.0924231421875 0.46358425781249996 0.1109676359375 0.47489196875 0.1348771734375 0.4880222515625 0.1536291578125 0.501360021875 0.1660256546875 0.5265231499999999 0.1786809734375 0.5453821234375 0.1856589328125 0.563406809375 0.1870108640625 0.610393759375 0.1742934015625 0.6526381375 0.147042396875 0.6703461828124999 0.11911758593749999 0.684821909375 0.0732729140625 0.6849028203125 0.02489005 0.54374433125 0 0.47629075 0
0 0.6391766390625 0.36839136093749997 0.6466209125 0.3313515421875 0.642030175 0.2848844015625 0.6294175390625 0.24248170156249998 0.6174338609375 0.2275845078125 0.5890919078125 0.20706344843750002 0.5535623421875 0.1962328609375 0.51798144375 0.19087214218749998 0.503186915625 0.19191608124999998 0.48224655 0.20192102968749998 0.45516035 0.2208869921875 0.43677417656250006 0.24230015625 0.4245360015625 0.2702762984375 0.41776985624999996 0.3138277625 0.4358545234375 0.3718057828125 0.4514855015625 0.39191186093749997 0.50702280625 0.42909918906250005 0.514524896875 0.4331614703125 0.5341646609375 0.4357113375 0.5703166984375 0.4274754625 0.6034460703125 0.410488228125 0.630271284375 0.3878236359375 0.6391766390625 0.36839136093749997
0 0.49033115 0.6480522828125 0.51205230625 0.6336192406250001 0.5242926437500001 0.6211670875 0.5522623015625 0.5868332953125 0.570746815625 0.5234324140625 0.5701713500000001 0.505981028125 0.564438334375 0.486707075 0.5419299 0.458996240625 0.5209338781249999 0.44342308125 0.5015016046875 0.4345177265625 0.47675561875000005 0.42467542187499996 0.45461515625000004 0.42077146093750006 0.432267203125 0.4232229875 0.405076178125 0.4376046984375 0.3904913 0.4478171390625 0.34642651562500004 0.4957496859375 0.3413224578125 0.5039812375 0.3353392671875 0.5586286 0.33716616093749996 0.584519025 0.3420648890625 0.5981669515625 0.358425328125 0.6193148078124999 0.3817658859375 0.6371276781249999 0.40755365 0.6462405234374999 0.44547908593749996 0.65384095625 0.46631678593750003 0.6547757437499999 0.49033115 0.6480522828125
0 0.5366124218749999 0.8050569296875001 0.5447326609375 0.7590047671875 0.5389974828125 0.7242068234375 0.519197234375 0.6914945968749999 0.495595690625 0.6699830921875 0.48470728437500005 0.664410559375 0.422974975 0.6571781 0.375988025 0.6698955625 0.35499632812500004 0.68537038125 0.344527228125 0.6981348515625 0.32452813593749996 0.7338740703125 0.31625173906250004 0.78081185 0.322194409375 0.80925430625 0.345329640625 0.8489466546875001 0.3529365578125 0.8575931875 0.37997574843750004 0.875145075 0.422329278125 0.883526296875 0.46072102656249997 0.8729458828125001 0.5017674703125 0.8473099546875 0.5247378953124999 0.8257919656249999 0.5366124218749999 0.8050569296875001
0 0.4987749015625 1 0.49949588437500003 0.99484026875 0.49615873906249996 0.9723361578124999 0.4841215671875 0.9473848437499999 0.4572877046875 0.9079534796875001 0.43894853906250003 0.8928487953124999 0.4280601328125 0.8872762625 0.37445454843750003 0.8805636124999999 0.3361141296875 0.88567415625 0.2955874953125 0.9031833578124999 0.27782595625 0.9210540484375 0.27147262968749997 0.9363705484375 0.2656613921875 0.9663930859375001 0.456255671875 1 0.4987749015625 1
0 0.6994939296875 1 0.6994851796875 0.9999697140625001 0.68239528125 0.97778008125 0.6583252625 0.9589254328125 0.6440505390625 0.9518426468750001 0.60268745625 0.9482018343749999 0.5754429359375 0.9525294234375 0.5607532328125 0.9581576125 0.5233540890625 0.9890024265624999 0.5148707515625001 1 0.6994939296875 1
0 0.696975834375 0.9365196625 0.7369805015625001 0.91161319375 0.753856421875 0.8935863453125 0.760626890625 0.8810828609374999 0.7670315484375 0.8602964921874999 0.769996396875 0.8279457515624999 0.7684304890625 0.8057539578125 0.7610289 0.7752279484375 0.750867790625 0.7551732015625 0.7381546515624999 0.73923423125 0.703769528125 0.7167344453125 0.652559815625 0.7067916375000001 0.6159906328125 0.7122144968749999 0.58327840625 0.7320147453125 0.5637456296875001 0.74957311875 0.551922434375 0.7648382859375 0.5447369859375 0.790052746875 0.5386468062499999 0.8245918671875 0.539846903125 0.838500778125 0.5436525234375 0.8583480343750001 0.5581390609375 0.8901233109375 0.5840338109375 0.9193443968749999 0.5953393609375001 0.9277299453125 0.622429884375 0.9398119609375 0.63894431875 0.9445502078124999 0.6588964015625 0.9453288390625 0.696975834375 0.9365196625
0 0.7902326875 0.62514128125 0.7961667078125 0.5914877781250001 0.79772396875 0.5515836140625 0.7816223531250001 0.5186104031250001 0.7656790578125 0.5002755609375 0.7457248140625 0.4839729421875 0.723948 0.472827875 0.694149290625 0.46574725 0.6533595078125 0.4640338328125 0.6100198578125 0.48196017968750005 0.5924144765625 0.49894524999999995 0.5786125546875 0.5202535890625 0.5701286671875 0.57354685625 0.5790961640625001 0.6262646593750001 0.5844120375 0.6427256 0.598688921875 0.665332375 0.6217171640625 0.684916484375 0.6635508859375 0.70142443125 0.69855848125 0.70485775625 0.7459090796875001 0.6848991875 0.7714315328125 0.6592654203125 0.7902326875 0.62514128125
0 0.81646514375 0.46083338749999997 0.8414677890625001 0.4433263453125 0.86073958125 0.42206934062499996 0.8739682015625 0.39883360625000003 0.8889124031250001 0.3503320796875 0.8857827484374999 0.3214724828125 0.8810401765625 0.3069389375 0.8569679953125 0.2725602984375 0.8349815296875001 0.2522467296875 0.8176328078124999 0.24188245468749997 0.777206675 0.23292792968749998 0.73782448125 0.238767934375 0.705580728125 0.255911328125 0.68547465 0.27154230468749996 0.656777696875 0.320358309375 0.6504265328125001 0.3511987984375 0.6529828859375 0.3781310015625 0.6606967921875 0.40688577343750004 0.676015453125 0.42876308906249994 0.6968039828125 0.45069173749999997 0.7157677828125 0.46225394687500004 0.74968226875 0.47188660000000004 0.7788028546875 0.47245557656250003 0.796878871875 0.468337640625 0.81646514375 0.46083338749999997
0 0.695772459375 0.15099552656249998 0.703537696875 0.1742804296875 0.7310475249999999 0.20469945156249997 0.7685579812500001 0.2250108578125 0.7956998375000001 0.23162300781249998 0.8112238265625 0.23162084374999997 0.8310710828125 0.2278152234375 0.8508135125 0.21942535156249998 0.87076343125 0.20467999374999998 0.8845140218750001 0.1888415234375 0.903002859375 0.15648862187499998 0.9112300859375001 0.1305447 0.912425859375 0.1134056328125 0.9061173796875 0.07668029374999999 0.9011254281250001 0.0630159296875 0.714468665625 0.03010330625 0.710029884375 0.033886396875 0.696957421875 0.0562365109375 0.6872755984375 0.11114485625 0.695772459375 0.15099552656249998
0 1 0.080450184375 0.9658687984375 0.0744319328125 0.9377408234375 0.09412735312500001 0.9259176281249999 0.10939252031249999 0.9182102078125001 0.12720971718750002 0.9125885046875 0.1590919828125 0.9132709562500001 0.1966516078125 0.9227561 0.225718696875 0.9384919046875 0.25040902656249997 0.9568824015624999 0.2600438421875 0.9703228375 0.2615006 0.9776687703125001 0.2664484984375 1 0.2733932171875 1 0.080450184375
0 1 0.2928378453125 0.9468860984375 0.301199434375 0.9253211 0.3147468578125 0.9115191781249999 0.33605519687499996 0.9017816984374999 0.3653854328125 0.8903821328125 0.43003558281250004 0.901377528125 0.45571635468749994 0.9259181859375 0.4874381375 0.9435792234375 0.49603117656249995 0.947226521875 0.5012400609375 0.9883821171875 0.5112363625 1 0.5089701796874999 1 0.2928378453125
0 0.8527819859375001 0.5138078515625 0.819186303125 0.5489759296875001 0.8119473578124999 0.5641362703125 0.8070594390625001 0.628108290625 0.807222084375 0.6737946406249999 0.8100885921875 0.68343161875 0.8241558234375 0.6968698921875001 0.8405140984375 0.7024937578125 0.85546695 0.7160881890625 0.8797444593750001 0.7285873515625 0.8986034328124999 0.7355653109375 0.9272555406249999 0.73879114375 0.9596041203125001 0.7262320015625 0.9692436296875 0.7181723796874999 0.9991910546874999 0.5483320859374999 0.9734849234375 0.5232200406249999 0.9330052953125 0.5042113953125 0.8954970031249999 0.499423978125 0.8527819859375001 0.5138078515625
0 0.8583891140625 0.7513032765625 0.8497939140625 0.7534403234375 0.814685815625 0.7764707296875 0.7818730859375 0.8227347046875 0.7777594734375 0.8357066640624999 0.7767733515625 0.8620142359375 0.793292109375 0.8978004609375001 0.79391890625 0.909781978125 0.8166883265625 0.94119144375 0.8402363749999999 0.9526488265624999 0.851332271875 0.9518658734375001 0.8642015687500001 0.966919225 0.8940002796875 0.9739998484375001 0.8985331999999999 0.9793648921875 0.9063476078124999 0.9816559359375001 0.9231085718750001 0.979817290625 0.9598945296875 0.7711937546875001 0.9566927656249999 0.7686368625 0.9333008734374999 0.7562938609375001 0.8989179125 0.7493180625 0.8583891140625 0.7513032765625