0 0.971003053125 0.0820087703125 0.9805628515624999 0.055225424999999995 0.9827813609374999 0.032306559375 0.9738660109374999 0.0221693828125 0.7284314328125 0.0188834609375 0.7149919765625 0.059573271875 0.7198534953125 0.093595434375 0.734118053125 0.1098149203125 0.7647611734375 0.1253221375 0.8119047765625 0.1331321234375 0.8773667703125 0.1332766109375 0.9230234046874999 0.12209567968749999 0.9487527531250001 0.10657429062499998 0.971003053125 0.0820087703125
0 0.5891036828125 0.083327940625 0.6077007531249999 0.059696807812499995 0.61000635 0.031788684375 0.5957243734375 0.016567051562499997 0.3521425359375 0.011317159375 0.3412176890625 0.012124620312499999 0.3337893109375 0.020978360937500003 0.3333712890625 0.0449268109375 0.356446690625 0.07727058437499999 0.39595290625 0.1059085375 0.43570296875 0.1205765609375 0.4793326859375 0.121338121875 0.556085296875 0.0997202546875 0.5891036828125 0.083327940625
0 0.1815968859375 0.093183534375 0.2147023609375 0.07180196093749999 0.23527409375000002 0.0392218921875 0.24123292031250002 0.010379379687499999 0.0085410921875 0.006317728125 0.0074481390625 0.0689329421875 0.025431240625 0.0804760921875 0.0760887328125 0.09533450624999999 0.1360099234375 0.100373059375 0.1815968859375 0.093183534375
0 1 0.096460453125 0.9689761359375 0.0939512625 0.9266592140625001 0.12215914218749999 0.8590832171875 0.1389464078125 0.8477751828125 0.1617066140625 0.8472874906250001 0.18964646875 0.8650659359375 0.21291438125 0.888472271875 0.22629896875000002 0.9192024796875 0.23681692656250003 0.9700341453125001 0.2416968203125 1 0.23865049843750002 1 0.096460453125
0 0.534538178125 0.1881800328125 0.565007121875 0.2136657703125 0.6120288031250001 0.22846072187500002 0.6611644875 0.22632392031249998 0.6940783703125 0.21591871718750003 0.7343857953125 0.198655478125 0.7621246421875 0.1721894484375 0.7574721359375001 0.1261930625 0.7358488703125 0.1148359125 0.7143649453124999 0.09549594375 0.687270546875 0.08504144999999999 0.6454587359375 0.08431162187499999 0.63993535 0.088207834375 0.6272274328125 0.0869878609375 0.5998195203125001 0.0944947015625 0.546717090625 0.115527228125 0.5227533921874999 0.134073903125 0.5186298921875 0.161950296875 0.534538178125 0.1881800328125
0 0.22343259531249998 0.1967238484375 0.2795263828125 0.212675309375 0.312231253125 0.21424433125000003 0.36884756875 0.2002602328125 0.40368386093749997 0.18389965 0.42413367187500006 0.158304546875 0.4247955390625 0.120386171875 0.3940827484375 0.1088703625 0.3403119765625 0.06401292343750001 0.2912982140625 0.0591647625 0.2457809203125 0.062362878125 0.2219391453125 0.073924590625 0.21812915937500002 0.08383964687499999 0.1851630265625 0.09723840624999999 0.1610599875 0.1237678984375 0.16422552343750002 0.15077336562500002 0.183856709375 0.17207730625 0.22343259531249998 0.1967238484375
0 0.837978015625 0.306268225 0.8673257578125 0.2918081515625 0.8858531578125 0.272168428125 0.8848016265625 0.228231209375 0.8489138031250001 0.200654571875 0.8146000390625 0.1870795953125 0.7546265937500001 0.1850345984375 0.7325330531249999 0.20061944999999998 0.6647480453125 0.22938093906249998 0.6606419609375 0.2562594796875 0.67121845625 0.27540905625 0.699939165625 0.29687165625 0.7397066453125001 0.310541828125 0.8014805781250001 0.3136164078125 0.837978015625 0.306268225
0 0.3856506296875 0.27940785625000003 0.4162763328125 0.2959129265625 0.45071201875 0.302502940625 0.479798496875 0.303010646875 0.5162785203125 0.296660315625 0.5584561 0.27643525156250004 0.57700091875 0.255797675 0.579114921875 0.2388659234375 0.57035633125 0.219748078125 0.5523514578125 0.20945224218749997 0.525553159375 0.18203426250000002 0.49478811718750004 0.173512009375 0.47479116250000003 0.1731629609375 0.440129046875 0.1795450234375 0.39436790781250003 0.19671306718749998 0.3704564625 0.21226618749999998 0.3573131078125 0.235992515625 0.36240105312500004 0.2570426015625 0.3856506296875 0.27940785625000003
0 0.1964665984375 0.283092728125 0.2312506359375 0.269725703125 0.2554581796875 0.23720909843750002 0.2559110359375 0.211264946875 0.2071759546875 0.190451153125 0.1569887390625 0.148650734375 0.0951103015625 0.151563265625 0.067737221875 0.1570744046875 0.0273252921875 0.18032475625 0.0231495390625 0.21119470312500002 0.0460507640625 0.2535169984375 0.0747714734375 0.274979596875 0.1000828015625 0.2834066546875 0.16363980312499998 0.28850867187499996 0.1964665984375 0.283092728125
0 0.843960734375 0.3802361984375 0.8711596390624999 0.38470358125000004 0.902116275 0.3822494640625 0.9441022625000001 0.373000771875 0.9679266203125 0.36243691093749997 0.9901420828124999 0.3398670953125 0.98863769375 0.3218740265625 0.9438519390625 0.28316236093749997 0.9203933515625 0.2727713296875 0.8931770312499999 0.2693017984375 0.8764849531250001 0.2879754015625 0.8562615703124999 0.3005984296875 0.81967704375 0.312935871875 0.794174121875 0.31548518593749997 0.7904686421875 0.3194131296875 0.793808353125 0.3364400765625 0.8205369828125001 0.3678494625 0.843960734375 0.3802361984375
0 0.6879692656249999 0.35755023750000003 0.704643925 0.33987448593749997 0.6998346609375 0.3028587671875 0.662198603125 0.271258990625 0.64047083125 0.2658889515625 0.576878996875 0.2627826390625 0.5602391703125 0.2784626859375 0.5107202984375 0.3025522328125 0.5084147015625 0.33046035625000003 0.5136768234375 0.3415319234375 0.5279587984375 0.35675355625 0.5640207968750001 0.3743516734375 0.6312832796875 0.3755257453125 0.6879692656249999 0.35755023750000003
0 0.2607093609375 0.35308685624999997 0.29505796093750003 0.3646661296875 0.32956331875 0.367264734375 0.366043340625 0.360914403125 0.3898328609375 0.352346246875 0.4157189703125 0.327844190625 0.41790264375 0.3069210296875 0.4126056875 0.2978451671875 0.3784138453125 0.277285225 0.3551294328125 0.256915675 0.3261300421875 0.2514187078125 0.30431518281250003 0.25103792812500003 0.2677829109375 0.260381815625 0.2329292 0.27774025 0.21621970625000003 0.2974117046875 0.2140882828125 0.315341309375 0.2283354234375 0.33255864687500003 0.2607093609375 0.35308685624999997
0 0.7155926671875 0.4418775109375 0.7337543 0.4431926796875 0.7702343203125 0.43684234843749997 0.797729321875 0.424346246875 0.8180397921875 0.406733959375 0.8220587890625 0.38484467968749997 0.802532109375 0.35755362812499997 0.786345140625 0.347289521875 0.7338000734375 0.336390784375 0.70834940625 0.3359465421875 0.6934578140625 0.355649728125 0.6367544125 0.3746230875 0.6293782859375 0.38048327187500003 0.629117021875 0.395451053125 0.6487307890625 0.41775284375000005 0.6667182453125 0.42904653281250005 0.7155926671875 0.4418775109375
0 0.48475358125 0.4358518875 0.4957132625 0.433048721875 0.5286968140625 0.4186521109375 0.5472242140625 0.3990123875 0.54771190625 0.3710725328125 0.5064574562499999 0.338411440625 0.459383521875 0.3266100453125 0.42113785000000004 0.3299350890625 0.4026104484375 0.3495748125 0.3714970546875 0.3610095984375 0.35859754375 0.370765996875 0.35644870625 0.389693453125 0.372478915625 0.4089382265625 0.41394237812499995 0.42962509375 0.4338696609375 0.43396555000000003 0.48475358125 0.4358518875
0 0.170325703125 0.42637090468750005 0.219426553125 0.42622980781250003 0.252340434375 0.41582460625 0.27992252500000003 0.39833924375 0.2874031546875 0.386491946875 0.2858987671875 0.3684988796875 0.24266965312500002 0.3447867234375 0.2085648984375 0.319237521875 0.141285 0.319061303125 0.10468305468750001 0.3323965984375 0.08989597031249999 0.346112671875 0.0842158265625 0.3589895546875 0.0892515203125 0.383033196875 0.11250109687500001 0.40539845156250004 0.15219890625000002 0.4230600328125 0.170325703125 0.42637090468750005
0 0.8454541843750001 0.50303545625 0.8691740359375 0.49845870937500003 0.8856919375000001 0.48976362656249994 0.9135178734375 0.4583083375 0.915579625 0.44437014062499997 0.90676878125 0.42824585 0.870671946875 0.4126434375 0.8253810828124999 0.40286947812499996 0.79218851875 0.4292403125 0.7683641625 0.4398041734375 0.7373552734375 0.445251846875 0.733423365625 0.4621518671875 0.736919834375 0.47019814687499994 0.758508265625 0.4835510015625 0.8236567421875 0.501656825 0.8454541843750001 0.50303545625
0 0.558242628125 0.4970240046875 0.594600725 0.4976586375 0.62562703125 0.4912131125 0.65864541875 0.474820796875 0.66799620625 0.46001167499999995 0.666648575 0.43303794062499995 0.6343791453125001 0.4065226203125 0.6127036265625 0.3981590234375 0.5745276234375 0.3974926578125 0.5471545437499999 0.40300379687500004 0.52682665625 0.4216139359375 0.4902247125 0.43494923124999996 0.4827789171875 0.4448008234375 0.489719603125 0.46388693906249995 0.509420459375 0.48119947031250004 0.5328616296875001 0.4925883546875 0.558242628125 0.4970240046875
0 0.3931616328125 0.4741793859375 0.41352435625000006 0.453573540625 0.41383787187500004 0.4356122046875 0.3688431046875 0.4088747625 0.34742885156250003 0.3855433875 0.29098671249999997 0.389548965625 0.2743294703125 0.40622686406249997 0.22849865937499997 0.4273863171875 0.228219978125 0.44335194843750003 0.244232771875 0.46359457343750005 0.2712574984375 0.4780404765625 0.3183314328125 0.48984187031250004 0.369302440625 0.48673895 0.3931616328125 0.4741793859375
0 0.7366824671875001 0.5879764140625 0.7097796609375 0.566545546875 0.704552375 0.5534782765624999 0.633741171875 0.54725148125 0.618710240625 0.574937484375 0.5874923421875 0.59235938125 0.6070190203125 0.6196504328125 0.6341308359375 0.6291070750000001 0.6868326609375 0.631025146875 0.7215296125 0.6226473796875001 0.7362992796875 0.6099291578125 0.7366824671875001 0.5879764140625
0 0.514845815625 0.5870987078125001 0.4861076875 0.5666339609375 0.4737132875 0.547452653125 0.42286420312499995 0.5435706109375 0.411625840625 0.562339409375 0.37128358125 0.581598353125 0.3835560578125 0.607764625 0.410615621875 0.6202148249999999 0.4541930859375 0.6239699390625 0.48516713906250003 0.62051796875 0.5145845515625 0.6020664890625 0.514845815625 0.5870987078125001
0 0.281666296875 0.6109769125 0.3001066078125 0.5963264484375 0.3039862640625 0.5824199859375 0.260809403125 0.5557142734375 0.2519985609375 0.5395899828124999 0.188354471875 0.539477228125 0.17921269374999999 0.5423121265625 0.160720128125 0.5599561453125 0.1566662984375 0.5838411296875 0.163676653125 0.5989358359375 0.18162927499999998 0.612225228125 0.1960854265625 0.617468340625 0.24331611718750001 0.6202890671875 0.281666296875 0.6109769125
0 0.818435934375 0.5923978921875 0.845930934375 0.5799017921875 0.85706479375 0.56712010625 0.8627797718749999 0.552247521875 0.85950973125 0.531229165625 0.8397914578125001 0.5149144859375 0.812714478125 0.5034621390625 0.769049925 0.504696284375 0.761534459375 0.5185392859375 0.74124140625 0.5351537203125 0.7082404375 0.5505481828125001 0.7116149843749999 0.5655794249999999 0.7295327687500001 0.5808645234375 0.7693350828125001 0.592538990625 0.818435934375 0.5923978921875
0 0.6646107203125 0.5497866234375001 0.697333009375 0.55035779375 0.7155817265625 0.5466837015625 0.7412588234374999 0.53415586875 0.763439453125 0.51358175625 0.763857475 0.489633309375 0.7386680703125 0.4742212859375 0.7280567375 0.4570674125 0.7045110625000001 0.45166564062500003 0.6753897484375 0.4531536375 0.662263809375 0.4758821125 0.62742751875 0.4922426953125 0.594548471875 0.5006521937499999 0.5943394609375 0.5126264171875 0.6067861140625 0.5288141703125 0.6302098671875 0.5412009062500001 0.6646107203125 0.5497866234375001
0 0.547498434375 0.591661284375 0.591197821875 0.5884314374999999 0.611351534375 0.5797998171875001 0.6261734531250001 0.5640880375 0.628304875 0.546158434375 0.6049507921874999 0.5297802921875 0.5890250875 0.5045484078125 0.572716196875 0.501269265625 0.538176003125 0.5006663640625 0.526815715625 0.5264201265625 0.5121157203125 0.535146940625 0.47738393281249997 0.5455204124999999 0.482576384375 0.5605833875 0.5040777265624999 0.578925503125 0.5166811390625 0.5861325875000001 0.547498434375 0.591661284375
0 0.48654312656250004 0.5416876609375 0.5121331375 0.5341490890625 0.53055603125 0.520496478125 0.530974053125 0.49654802968749995 0.5004006046875 0.477049403125 0.477220696875 0.450692740625 0.4500043765625 0.447223209375 0.419065159375 0.44867947656249996 0.3894387359375 0.47910518125 0.3582730890625 0.49353352343749995 0.379635090625 0.5198584546875 0.3976399640625 0.5301542921875 0.43380646875 0.541765296875 0.4719476359375 0.544427365625 0.48654312656250004 0.5416876609375
0 0.3676651890625 0.5805370359375 0.38776664843750003 0.5748989734375 0.41349599843749996 0.559377584375 0.42468210781250004 0.5436023421875 0.3742162109375 0.51776755625 0.35461986093750003 0.49446791093750003 0.3164438578125 0.493801546875 0.3018309484375 0.497539103125 0.27958065 0.522104621875 0.255738875 0.533666334375 0.25554728125000004 0.54464270625 0.266210865625 0.558803025 0.307656909375 0.5804877453125 0.33489064687500003 0.5829594234375 0.3676651890625 0.5805370359375
0 0.25026774375 0.5345689921875 0.2740921 0.5240051328125 0.2926543359375 0.5023697031250001 0.29109769375 0.4873701921875 0.2477989109375 0.46764944374999995 0.22287076875 0.43726964218750003 0.1791713828125 0.440499490625 0.1481102390625 0.44894072031250004 0.12405945468749999 0.47247665625 0.1219280328125 0.4904062609375 0.13605325 0.5146085625000001 0.1540232890625 0.5269001015625 0.184753496875 0.5374180609375 0.210186746875 0.5388601546875 0.25026774375 0.5345689921875