0 0.295373665625 0.93359375 0.29003558749999997 0.900390625 0.2758007125 0.884765625 0.24555160156250003 0.8701171875 0.19928825625 0.86328125 0.1352313171875 0.8642578125 0.09074733125 0.8759765625 0.0658362984375 0.8916015625 0.0444839859375 0.916015625 0.0355871890625 0.9423828125 0.0338078296875 0.96484375 0.0427046265625 0.974609375 0.28291815 0.9736328125 0.295373665625 0.93359375
0 0.6619217078124999 0.9736328125 0.6690391453125 0.96484375 0.6690391453125 0.94140625 0.6459074734375 0.91015625 0.606761565625 0.8828125 0.5676156578125 0.869140625 0.52491103125 0.869140625 0.4501779359375 0.8916015625 0.418149465625 0.908203125 0.400355871875 0.931640625 0.3985765125 0.958984375 0.4128113875 0.9736328125 0.6512455515625 0.974609375 0.6619217078124999 0.9736328125
0 0.9697508890625001 0.9013671875 0.9199288250000001 0.8876953125 0.8612099640625 0.8837890625 0.8167259781249999 0.8916015625 0.784697509375 0.9130859375 0.7651245546875 0.9453125 0.7597864765625 0.9736328125 0.998220640625 0.9736328125 0.998220640625 0.9189453125 0.9697508890625001 0.9013671875
0 0.15302491093749998 0.8583984375 0.1637010671875 0.8359375 0.1637010671875 0.80859375 0.1459074734375 0.7861328125 0.12277579999999999 0.7734375 0.09252669062499999 0.763671875 0.0427046265625 0.759765625 0.001779359375 0.7646484375 0 0.9013671875 0.046263345312499995 0.904296875 0.0871886125 0.8759765625 0.15302491093749998 0.8583984375
0 0.32206405625 0.908203125 0.3629893234375 0.908203125 0.3683274015625 0.904296875 0.38078291875 0.9052734375 0.407473309375 0.8974609375 0.45907473281250005 0.8759765625 0.48220640625 0.857421875 0.485765125 0.830078125 0.46975088906250007 0.8046875 0.4395017796875 0.7802734375 0.393238434375 0.7666015625 0.3451957296875 0.76953125 0.313167259375 0.7802734375 0.27402135156249996 0.7978515625 0.2473309609375 0.82421875 0.2526690390625 0.869140625 0.27402135156249996 0.8798828125 0.295373665625 0.8984375 0.32206405625 0.908203125
0 0.7099644125 0.9267578125 0.7544483984375 0.9228515625 0.777580071875 0.9111328125 0.781138790625 0.9013671875 0.813167259375 0.8876953125 0.8362989328125 0.861328125 0.8327402140625001 0.8349609375 0.813167259375 0.814453125 0.7740213515625001 0.791015625 0.718861209375 0.7763671875 0.686832740625 0.775390625 0.6316725984375 0.7900390625 0.5978647687499999 0.806640625 0.578291815625 0.83203125 0.578291815625 0.869140625 0.608540925 0.8798828125 0.6619217078124999 0.9228515625 0.7099644125 0.9267578125
0 0.2544483984375 0.8115234375 0.2758007125 0.7958984375 0.3416370109375 0.7666015625 0.3451957296875 0.740234375 0.3345195734375 0.7216796875 0.30604982187499996 0.701171875 0.26690391406249997 0.6884765625 0.20640569375 0.6865234375 0.17081850468749998 0.6943359375 0.1423487546875 0.708984375 0.12455515937499999 0.728515625 0.1263345203125 0.771484375 0.16192170781249998 0.7978515625 0.1957295375 0.810546875 0.2544483984375 0.8115234375
0 0.4786476875 0.810546875 0.508896796875 0.818359375 0.5284697515625 0.818359375 0.5622775796874999 0.8115234375 0.606761565625 0.7939453125 0.6298932390624999 0.7783203125 0.6423487546875 0.7548828125 0.6370106765625 0.734375 0.613879003125 0.712890625 0.58362989375 0.697265625 0.5498220640625 0.69140625 0.5213523125 0.69140625 0.485765125 0.6982421875 0.4448398578125 0.71875 0.4270462640625 0.7392578125 0.4252669046875 0.755859375 0.43416370156250006 0.7744140625 0.45195729531250006 0.7841796875 0.4786476875 0.810546875
0 0.900355871875 0.8330078125 0.9270462640625 0.8271484375 0.9661921703124999 0.8037109375 0.9697508890625001 0.7734375 0.9466192171875001 0.732421875 0.9181494656250001 0.7119140625 0.893238434375 0.7041015625 0.8309608546874999 0.7001953125 0.798932384375 0.7060546875 0.7651245546875 0.7197265625 0.7419928828125 0.751953125 0.7419928828125 0.77734375 0.7900355875 0.796875 0.8398576515625 0.8369140625 0.900355871875 0.8330078125
0 0.11743772187499998 0.7314453125 0.13345195781250002 0.712890625 0.15302491093749998 0.7001953125 0.1886121 0.6875 0.21352313125000003 0.6845703125 0.21708185000000002 0.6806640625 0.21352313125000003 0.6640625 0.186832740625 0.6337890625 0.1637010671875 0.6220703125 0.1370106765625 0.6181640625 0.10676156562500001 0.62109375 0.0658362984375 0.630859375 0.0427046265625 0.6416015625 0.0213523125 0.6640625 0.023131671875000002 0.681640625 0.0676156578125 0.71875 0.09074733125 0.728515625 0.11743772187499998 0.7314453125
0 0.4270462640625 0.732421875 0.4430604984375 0.716796875 0.49110320312500005 0.6923828125 0.4928825625 0.6650390625 0.48754448437500003 0.654296875 0.47330960781250003 0.6396484375 0.4377224203125 0.623046875 0.3718861203125 0.623046875 0.316725978125 0.6416015625 0.30071174375 0.6591796875 0.30604982187499996 0.6953125 0.3434163703125 0.7255859375 0.36476868281249997 0.73046875 0.4270462640625 0.732421875
0 0.6441281140624999 0.734375 0.6725978640625 0.7392578125 0.6939501781249999 0.7392578125 0.7295373671875 0.7294921875 0.7633451953125 0.7119140625 0.77935943125 0.6923828125 0.781138790625 0.6748046875 0.7669039140625 0.658203125 0.7348754453125 0.638671875 0.701067615625 0.6279296875 0.6672597859375 0.6259765625 0.6316725984375 0.6328125 0.608540925 0.6416015625 0.58362989375 0.666015625 0.581850534375 0.6865234375 0.5871886125 0.6953125 0.620996440625 0.71484375 0.6441281140624999 0.734375
0 0.2722419921875 0.6630859375 0.29715302499999996 0.6630859375 0.3113879 0.6435546875 0.3665480421875 0.6240234375 0.37366547968749997 0.6181640625 0.37366547968749997 0.603515625 0.3540925265625 0.58203125 0.3362989328125 0.5712890625 0.28825622812499996 0.5595703125 0.2704626328125 0.55859375 0.23487544531250001 0.5654296875 0.20818505312500002 0.578125 0.1886121 0.595703125 0.18505338124999998 0.6171875 0.20462633437500002 0.6435546875 0.22064056875000002 0.6533203125 0.2722419921875 0.6630859375
0 0.578291815625 0.6640625 0.596085409375 0.64453125 0.6263345203124999 0.6328125 0.6387900359375001 0.623046875 0.6405693953125 0.6044921875 0.6245551593750001 0.5859375 0.58362989375 0.56640625 0.5640569390625 0.5625 0.514234875 0.5615234375 0.50355871875 0.564453125 0.4715302484375 0.5791015625 0.4537366546875 0.5986328125 0.4537366546875 0.6259765625 0.494661921875 0.6572265625 0.5409252671875 0.66796875 0.578291815625 0.6640625
0 0.78647686875 0.6708984375 0.8523131671874999 0.669921875 0.88790035625 0.65625 0.90213523125 0.642578125 0.907473309375 0.6298828125 0.90213523125 0.6064453125 0.879003559375 0.5849609375 0.8398576515625 0.568359375 0.82206405625 0.5654296875 0.7740213515625001 0.56640625 0.7419928828125 0.5771484375 0.715302490625 0.5947265625 0.708185053125 0.6064453125 0.7099644125 0.6240234375 0.7526690390625 0.646484375 0.78647686875 0.6708984375
0 0.1814946625 0.599609375 0.21352313125000003 0.5732421875 0.23665480468750003 0.5625 0.26690391406249997 0.556640625 0.2704626328125 0.5400390625 0.26690391406249997 0.5322265625 0.24555160156250003 0.51953125 0.1814946625 0.5029296875 0.1601423484375 0.501953125 0.1370106765625 0.5068359375 0.12099644062499999 0.515625 0.09430605 0.546875 0.09252669062499999 0.560546875 0.1014234875 0.576171875 0.1370106765625 0.5908203125 0.1814946625 0.599609375
0 0.4270462640625 0.6005859375 0.4537366546875 0.5947265625 0.47330960781250003 0.576171875 0.508896796875 0.5625 0.5160142343749999 0.552734375 0.508896796875 0.5341796875 0.48932384375 0.517578125 0.46619217031250004 0.5068359375 0.44128113906250005 0.5029296875 0.40569395 0.5029296875 0.375444840625 0.509765625 0.3434163703125 0.5263671875 0.3345195734375 0.541015625 0.3362989328125 0.5673828125 0.3683274015625 0.5927734375 0.389679715625 0.6005859375 0.4270462640625 0.6005859375
0 0.704626334375 0.603515625 0.72064056875 0.5869140625 0.7651245546875 0.5654296875 0.7651245546875 0.5498046875 0.7491103203125 0.5302734375 0.722419928125 0.5166015625 0.6761565843749999 0.505859375 0.6263345203124999 0.509765625 0.603202846875 0.5224609375 0.58362989375 0.54296875 0.58362989375 0.560546875 0.6281138796875 0.5859375 0.6494661921875 0.6083984375 0.704626334375 0.603515625
0 0.3665480421875 0.455078125 0.38078291875 0.427734375 0.411032028125 0.41015625 0.391459075 0.3837890625 0.36476868281249997 0.375 0.313167259375 0.3740234375 0.27935943124999996 0.3828125 0.26512455468749996 0.3955078125 0.26512455468749996 0.4169921875 0.291814946875 0.4375 0.29715302499999996 0.4501953125 0.3665480421875 0.455078125
0 0.5729537359375 0.455078125 0.58362989375 0.4365234375 0.6227758 0.4169921875 0.610320284375 0.3916015625 0.58362989375 0.3798828125 0.5409252671875 0.376953125 0.51067615625 0.380859375 0.48220640625 0.3994140625 0.48220640625 0.4140625 0.51067615625 0.43359375 0.523131671875 0.4521484375 0.5729537359375 0.455078125
0 0.8024911031249999 0.455078125 0.8113879 0.4521484375 0.8291814953125 0.4345703125 0.8327402140625001 0.4111328125 0.8256227765625 0.396484375 0.80782918125 0.3837890625 0.7935943062499999 0.37890625 0.7473309609375 0.376953125 0.7099644125 0.38671875 0.69217081875 0.4013671875 0.6886121000000001 0.4150390625 0.7313167265625 0.4404296875 0.7402135234375 0.4560546875 0.8024911031249999 0.455078125
0 0.19217081875 0.5009765625 0.23487544531250001 0.4990234375 0.24199288281250003 0.4853515625 0.2615658359375 0.46875 0.29359430625 0.453125 0.29003558749999997 0.4384765625 0.2722419921875 0.423828125 0.23309608593750003 0.4130859375 0.18505338124999998 0.4140625 0.1583629890625 0.4267578125 0.1476868328125 0.439453125 0.1423487546875 0.4541015625 0.1459074734375 0.474609375 0.1654804265625 0.490234375 0.19217081875 0.5009765625
0 0.29893238437499997 0.5498046875 0.3274021359375 0.5478515625 0.3398576515625 0.525390625 0.37366547968749997 0.5087890625 0.40569395 0.5 0.40569395 0.48828125 0.393238434375 0.47265625 0.3701067609375 0.4609375 0.3362989328125 0.453125 0.3042704625 0.453125 0.28647686875 0.45703125 0.2615658359375 0.4697265625 0.24021352343750002 0.490234375 0.24021352343750002 0.513671875 0.26512455468749996 0.5283203125 0.2758007125 0.544921875 0.29893238437499997 0.5498046875
0 0.4270462640625 0.4990234375 0.4608540921875 0.4990234375 0.4715302484375 0.4736328125 0.485765125 0.46484375 0.519572953125 0.4541015625 0.514234875 0.439453125 0.4928825625 0.421875 0.48042704687500004 0.4150390625 0.4501779359375 0.41015625 0.407473309375 0.4140625 0.38790035624999997 0.4228515625 0.37366547968749997 0.4384765625 0.3718861203125 0.4560546875 0.39501779375 0.4716796875 0.411032028125 0.49609375 0.4270462640625 0.4990234375
0 0.5480427046874999 0.5498046875 0.578291815625 0.5478515625 0.606761565625 0.517578125 0.6370106765625 0.5029296875 0.6156583625 0.4775390625 0.5978647687499999 0.4677734375 0.5622775796874999 0.45703125 0.52491103125 0.455078125 0.51067615625 0.4580078125 0.485765125 0.4658203125 0.4679715296875 0.4794921875 0.4679715296875 0.5029296875 0.49822064062500004 0.521484375 0.5213523125 0.546875 0.5480427046874999 0.5498046875
0 0.67793594375 0.501953125 0.69217081875 0.498046875 0.71352313125 0.4736328125 0.7366548046875 0.4619140625 0.7366548046875 0.451171875 0.7259786484374999 0.4375 0.68505338125 0.4169921875 0.6583629890625 0.4150390625 0.6263345203124999 0.41796875 0.606761565625 0.423828125 0.581850534375 0.439453125 0.5711743765625 0.455078125 0.620996440625 0.4794921875 0.6405693953125 0.501953125 0.67793594375 0.501953125
0 0.813167259375 0.5517578125 0.8434163703124999 0.54296875 0.8665480421874999 0.51953125 0.8683274015625001 0.501953125 0.8540925265625001 0.478515625 0.8362989328125 0.466796875 0.8060498218750001 0.45703125 0.781138790625 0.4560546875 0.7419928828125 0.4609375 0.718861209375 0.4716796875 0.701067615625 0.4931640625 0.702846975 0.5078125 0.7455516015625 0.5263671875 0.7704626328125 0.5556640625 0.813167259375 0.5517578125