0 0.0784031984375 0 0.07823026718750001 0.006782589062499999 0.084438746875 0.034368384375 0.10346631718749999 0.061306464062499996 0.1270305171875 0.079743609375 0.1708278828125 0.0963172359375 0.23558430625 0.1041209390625 0.28315362187500004 0.102137978125 0.315337496875 0.0905577203125 0.3314100390625 0.07628656406249999 0.3403408109375 0.043309270312499995 0.331980775 0.0015319453125 0.3179529015625 0 0.0784031984375 0
0 0.44753384843750005 0.0286399828125 0.44643195 0.0564549546875 0.46195987812499995 0.0820276796875 0.4926270578125 0.10220890625000001 0.565912128125 0.1328546234375 0.6091522109375 0.1373993390625 0.6502407375 0.127752525 0.6927810484375 0.10429290468750001 0.7195211234375 0.075182503125 0.7220098968750001 0.05150341093750001 0.7157365062500001 0.0418662984375 0.705030184375 0.0397434890625 0.4635026921875 0.01535545625 0.44753384843750005 0.0286399828125
0 1 0.07174359531249999 0.8148283624999999 0.052281271875 0.8172261031250001 0.081461596875 0.8336224124999999 0.1161033453125 0.8637710999999999 0.1412177171875 0.9079832609375 0.1538448265625 0.9678531703125 0.156147296875 1 0.15087566562500002 1 0.07174359531249999
0 0.17334199374999998 0.176383725 0.19374376875 0.155584890625 0.19664733750000002 0.1279592828125 0.18822239062499999 0.10413064062499999 0.12342717656249999 0.07936488281250001 0.0849960296875 0.04639729375 0.045096053125 0.044735825 0.030462720312500004 0.1839626875 0.06604525781250001 0.192039640625 0.11690681562500001 0.1933952921875 0.148572196875 0.186748178125 0.17334199374999998 0.176383725
0 0.290256603125 0.1038820609375 0.2800814453125 0.1486988984375 0.30430662656249996 0.178178325 0.3420767890625 0.200103634375 0.3733661640625 0.2143650890625 0.421700159375 0.22243778125000002 0.469995365625 0.21354841875 0.5032162296875 0.19210187031249998 0.52212743125 0.1681537875 0.521427659375 0.1401494546875 0.499976228125 0.118941784375 0.45000916875 0.09174441718750001 0.42381370937499996 0.0810109390625 0.41109831874999997 0.0806720265625 0.40610810468749997 0.07615742187499999 0.3646696921875 0.07180206875 0.3366076515625 0.078827909375 0.31301733125000003 0.0953015 0.290256603125 0.1038820609375
0 0.6199622312499999 0.13853551875 0.616021675 0.1760274140625 0.633143875 0.20376276093749998 0.6656127265625 0.22413335 0.719909015625 0.2448030421875 0.7524427765625 0.24722495000000003 0.8098500328125 0.23829577500000002 0.8519755468750001 0.21878267031249998 0.8739715953125 0.20014645937500003 0.8803748046875001 0.17388620625 0.8597529625 0.14478550625 0.8287746859375 0.127564165625 0.826208334375 0.11731915156249999 0.8040310093749999 0.10301788281249999 0.7594040515625 0.0943372875 0.7103441640625 0.0931709984375 0.6517313109375 0.130901775 0.6199622312499999 0.13853551875
0 0.1519681390625 0.18910016093749998 0.14560371875 0.23232246875 0.1615464421875 0.253948678125 0.18881768125 0.271777921875 0.22402149062499999 0.283458215625 0.28548567187499996 0.2879233046875 0.3264705 0.27926311875 0.357474896875 0.2615737234375 0.37025519687499997 0.2439639546875 0.3694517265625 0.21694624999999998 0.30590090000000003 0.180340946875 0.2859400390625 0.162282525 0.226381228125 0.15702017031249998 0.1908014109375 0.1662484453125 0.1519681390625 0.18910016093749998
0 0.4529895328125 0.23669923593750003 0.45302832187500003 0.2536612875 0.46886734687500004 0.2762741265625 0.508128084375 0.301348684375 0.5434355937500001 0.31204234999999997 0.5722623140625 0.315072159375 0.607116240625 0.3127502875 0.6394038140625 0.3001833984375 0.6651069015625 0.2809392859375 0.6726895859375001 0.26078816875 0.66256666875 0.23578353437500002 0.640804140625 0.2175357515625 0.5976289671874999 0.1950423515625 0.564123128125 0.18453805 0.5443047562500001 0.18245505625 0.5128467734375 0.18712891250000002 0.4830218515625 0.2109274453125 0.46396816406249997 0.2189001015625 0.4529895328125 0.23669923593750003
0 1 0.2415894265625 0.9686305203125001 0.21807573750000003 0.9422276625 0.2093155171875 0.8813856734375 0.19893065468749999 0.8266872578125 0.2340802703125 0.7759681875 0.2487000421875 0.7732720171875 0.2743523921875 0.7932716640625 0.309372865625 0.8260516125 0.3267835703125 0.85785948125 0.3361118796875 0.9213327296875 0.338793075 0.9473857015625 0.333551128125 0.9783901 0.3158617328125 1 0.2855387859375 1 0.2415894265625
0 0.037930978125 0.2688869546875 0.0342627265625 0.28645691093750003 0.05349769375 0.3114217328125 0.07577871875 0.324736371875 0.116180140625 0.3389580125 0.1464974359375 0.3451370734375 0.173937284375 0.34403100625 0.19860338125000002 0.33465317968749997 0.2288430984375 0.30690813125 0.23420931875 0.2905141671875 0.231020775 0.2861889265625 0.206108490625 0.2805779546875 0.1714231734375 0.26396451718749997 0.1529528875 0.2490553453125 0.13870813437500001 0.22860512968750002 0.11137198749999999 0.22872456875 0.0869132859375 0.2361291375 0.037930978125 0.2688869546875
0 0.32584830781249996 0.28518289218750004 0.31660643906249997 0.3211200703125 0.3309548890625 0.340583659375 0.3848363828125 0.365199865625 0.45149817812500004 0.37220630312499997 0.4892944609375 0.359220875 0.5052633046875 0.3459363484375 0.5118090015625001 0.3356515203125 0.5129109015625 0.30783654843749997 0.46685827968750004 0.2780580203125 0.45230242968749995 0.26056769062499996 0.3890365796875 0.2559132375 0.36689804531250003 0.25857402343749997 0.32584830781249996 0.28518289218750004
0 0.6041738828125001 0.3234138421875 0.6037978765625 0.3443224109375 0.6264287859375 0.3716392171875 0.6489172078125 0.3829805984375 0.68422471875 0.3936742625 0.718663846875 0.39529890624999997 0.7540362671875 0.3880438890625 0.78854030625 0.371719846875 0.804716546875 0.3564620609375 0.8047814578124999 0.3385133796875 0.7906404031250001 0.3170765328125 0.7582752515625 0.29571931406249996 0.7232788390625 0.2820657609375 0.701658796875 0.279793403125 0.67231358125 0.2816967390625 0.6468178921875001 0.29896759375 0.6105121828125 0.315102271875 0.6041738828125001 0.3234138421875
0 0.1950388296875 0.35123650781250004 0.1963607953125 0.37332106875000004 0.21431258749999998 0.39316338281249996 0.23998955312499998 0.4088300046875 0.2752970625 0.41952367031250004 0.2934174625 0.42043067343749996 0.3433069421875 0.41370393281249995 0.36246433125 0.40474464687499995 0.38456407656249997 0.38512180625000003 0.3861195609375 0.37032237343749996 0.3795350734375 0.363645146875 0.325757278125 0.3380423125 0.31341789375 0.3167948296875 0.2881945125 0.3141437453125 0.23490909062499998 0.3185185015625 0.21765707031249998 0.3266805234375 0.1950388296875 0.35123650781250004
0 0.46802430624999997 0.370950684375 0.46512073750000005 0.3985762921875 0.48106346093749996 0.4202025 0.5119380390625 0.43841047031249997 0.5224369640625001 0.4425065375 0.572987425 0.44682207500000004 0.5932205921875 0.44495855625 0.63673298125 0.42958133125 0.6549182906250001 0.41253965 0.6550868999999999 0.39360433906250003 0.6435121968749999 0.38241250937500004 0.6141281921874999 0.3673537890625 0.59818546875 0.3457275796875 0.5607651921875 0.3378044375 0.51278108125 0.3437339140625 0.46802430624999997 0.370950684375
0 0.7235891515625 0.41776219374999995 0.7295514453124999 0.4303591921875 0.7547099187499999 0.450958959375 0.7859992921875001 0.4652204140625 0.8345406859375 0.471319846875 0.852868484375 0.47025359218749996 0.89426810625 0.4576468921875 0.91997119375 0.43840277812500006 0.9278649765625 0.4152917734375 0.9238080515625 0.401897509375 0.9108464749999999 0.3865698 0.8762648578125001 0.36896973125 0.8097067625 0.3609766671875 0.7728825578125 0.3820444890625 0.7272574015625 0.40019223593750003 0.7235891515625 0.41776219374999995
0 0.09533745 0.3986140984375 0.09568733593749999 0.4126162640625 0.119394025 0.4470288359375 0.134675765625 0.4576127625 0.1575789828125 0.4650076296875 0.17930272187500002 0.46629335781250003 0.24592572656249997 0.456337740625 0.26889385312499997 0.4457839234375 0.273326784375 0.43826961875 0.27148632500000003 0.4211182015625 0.2414801265625 0.41197925468749996 0.21919910312500002 0.398664615625 0.18956890937499998 0.3686171 0.1435938671875 0.37276268125 0.1060049828125 0.38377485 0.09533745 0.3986140984375
0 0.342892146875 0.417650446875 0.33829060625 0.4441000640625 0.345743475 0.4598463125 0.3764106546875 0.48002754062499997 0.40631315468749996 0.49015311562499997 0.4423465578125 0.49394037968750004 0.467984734375 0.49264494687499993 0.4925471328125 0.48425375 0.514128384375 0.46956405625000003 0.5233053437499999 0.451575559375 0.5171356515625 0.4409518171875 0.482554034375 0.42335174999999997 0.46470594218750005 0.4025228078125 0.4383030828125 0.39376258750000004 0.4004680109375 0.3897859609375 0.37801837968749996 0.395406634375 0.342892146875 0.417650446875
0 0.5925983984375 0.4508783296875 0.5907318187499999 0.4686376484375 0.6083725125 0.4914398484375 0.6304461390625 0.5067277453125001 0.68047810625 0.5159764296875 0.7284622171875 0.510046953125 0.756939053125 0.499074596875 0.7752280593750001 0.48104628906249997 0.7768872421874999 0.465260225 0.734126865625 0.43882031250000003 0.719674715625 0.4203433546875 0.6643414375 0.40953995 0.640336321875 0.42996005625 0.5925983984375 0.4508783296875
0 0.254855715625 0.5620167671875 0.252574340625 0.5837226015625 0.265639615625 0.59806368125 0.298938059375 0.6105412421875 0.3512901890625 0.61504614375 0.37924853281250004 0.6090069312499999 0.401866771875 0.584450946875 0.3731049609375 0.5634724546875 0.36159516875 0.534331940625 0.2908115390625 0.531879921875 0.28405844375 0.5441380078125 0.254855715625 0.5620167671875
0 0.47434837031250005 0.5880789578125001 0.4727928875 0.602878390625 0.49964933125 0.62465415 0.529862928125 0.6318198390624999 0.5734141078125 0.63340466875 0.6016835453125 0.6244055687500001 0.61699140625 0.6000787609375 0.5794286421875 0.57618019375 0.5705888984375 0.5562980671875 0.519831040625 0.553955784375 0.5052490703125 0.571376190625 0.47434837031250005 0.5880789578125001
0 0.6834458015625 0.60905845625 0.685597359375 0.6232499859375 0.702058575 0.6399430515625 0.738856659375 0.653785965625 0.7859074796875001 0.65673615 0.8008393343750001 0.6533179109375 0.8202041203125001 0.6423853671875001 0.828966284375 0.6283433875 0.8278517171875001 0.6042855671875 0.811701596875 0.5846326171875 0.80300434375 0.5807259140625 0.7400495874999999 0.5731115734375 0.7293820546875 0.587950821875 0.6834458015625 0.60905845625
0 0.1344810359375 0.5114588125 0.1383305640625 0.526826334375 0.1477925 0.5407886890625 0.173469465625 0.5564553109375 0.222010859375 0.56255474375 0.2627882890625 0.555867815625 0.282360471875 0.542962015625 0.287519296875 0.5285413078125 0.256748415625 0.509346709375 0.238692925 0.49049102343750006 0.23293802968750002 0.47592076875 0.1899053453125 0.46940279374999994 0.16173960625 0.4774152640625 0.140262053125 0.49111833125000004 0.1344810359375 0.5114588125
0 0.2398985234375 0.461689425 0.23740975 0.4853685171875 0.2568521140625 0.50836008125 0.2807274125 0.523837340625 0.298329315625 0.5296774875 0.3307593796875 0.5330860234375 0.3658207015625 0.52879089375 0.3904867984375 0.51941306875 0.404757671875 0.50495255 0.4060020578125 0.49311300312500006 0.3745052859375 0.48082480624999996 0.34203643437500003 0.4604542140625 0.33180981875 0.43643620937499994 0.30319049531250003 0.4314331421875 0.2792502890625 0.4339045640625 0.26667738750000003 0.44954107499999996 0.2398985234375 0.461689425
0 0.3671038765625 0.5339134 0.3670389671875 0.551862084375 0.379793146875 0.5691630515625 0.3986782265625 0.58012570625 0.4415035140625 0.5886169359375 0.4726504 0.586902965625 0.4859879828125 0.58132210625 0.5094746046874999 0.56583514375 0.516435096875 0.5516038015625 0.483344053125 0.537152984375 0.46986398281249997 0.52675841875 0.4617501328125 0.49996989062499997 0.4275184 0.49637198906249996 0.4109922734375 0.49762760625 0.3921847703125 0.520589059375 0.3671038765625 0.5339134
0 0.4693716078125 0.4967808265625 0.4668828359375 0.5204599187500001 0.4834477515625 0.5361663546875 0.5078415421875 0.5467104703125 0.52194380625 0.5511852609375001 0.5599862765625 0.5531886312500001 0.597160365625 0.5461229765625 0.61621405625 0.5381503203125 0.64053026875 0.5147703265625 0.611457359375 0.49675171875 0.5858453031249999 0.4631364140625 0.5554243078125001 0.45794398437500006 0.5280881609375 0.45806342187500004 0.5019702781250001 0.4812540515625 0.4693716078125 0.4967808265625
0 0.5687872296875 0.5561087031249999 0.57793806875 0.57303094375 0.60150226875 0.591468090625 0.6206984453125 0.5994708578125 0.6528174109375 0.60583928125 0.6800498593750001 0.606706471875 0.7236659484375 0.59034261875 0.735927753125 0.5776659937499999 0.737068440625 0.5668130765625 0.714891115625 0.5525118078125 0.695863546875 0.525573728125 0.6818649812500001 0.5201123078125 0.644029909375 0.5161356828125 0.6218264640625 0.53674515 0.5687872296875 0.5561087031249999
0 0.7077105546875 0.5168436187500001 0.704353403125 0.5314536875 0.720088728125 0.5550531546874999 0.742369753125 0.56836779375 0.781488 0.5774669265625 0.8068150796875001 0.5791313828125 0.8384804609375 0.5724842671875 0.8577415484375001 0.562538353125 0.87464368125 0.5403741656250001 0.8747085921875 0.5224254828125 0.853775653125 0.49628466875 0.8240805515625 0.48418583593750003 0.7812552640625 0.4756946046875 0.7529209156250001 0.5026423859375 0.7077105546875 0.5168436187500001