0 0 0 0 0.208255159375 0.028749999999999998 0.2101313328125 0.05125 0.20262664218749998 0.07875 0.1857410875 0.11000000000000001 0.153846153125 0.13625 0.10881801093750001 0.145 0.0825515953125 0.15625 0.0206378984375 0.15375 0 0 0
0 0.03125 0.35084427812499996 0.02375 0.2851782359375 0.00125 0.2288930578125 0 0.49343339531249997 0.013750000000000002 0.472795496875 0.02375 0.43902439062500004 0.03125 0.35084427812499996
0 0 0.8630394000000001 0.03875 0.8724202625 0.09875 0.8517823640625 0.13874999999999998 0.816135084375 0.15625 0.7898686671874999 0.16875 0.7560975609375 0.17625 0.664165103125 0.17625 0.6191369609375 0.16999999999999998 0.585365853125 0.14750000000000002 0.527204503125 0.09875 0.472795496875 0.05375 0.46529080624999997 0.00375 0.5009380859375 0 0.50469043125 0 0.8630394000000001
0 0 0.998123828125 0.13999999999999999 0.998123828125 0.11750000000000001 0.9399624765624999 0.0775 0.8930581609375 0.045 0.879924953125 0.00375 0.881801125 0 0.8836772984374999 0 0.998123828125
0 0.11875 0.47842401562500003 0.1525 0.5234521578125 0.17124999999999999 0.5328330203125 0.20375000000000001 0.527204503125 0.24625 0.48405253281249994 0.275 0.42026266406249996 0.29 0.3658536578125 0.29500000000000004 0.32457786093749996 0.29500000000000004 0.27204502812500003 0.28875 0.2288930578125 0.275 0.183864915625 0.25625 0.150093809375 0.23500000000000001 0.1257035640625 0.2 0.105065665625 0.16625 0.1013133203125 0.14250000000000002 0.10694183906250002 0.09 0.1857410875 0.08249999999999999 0.1894934328125 0.06375 0.2251407125 0.061250000000000006 0.3039399625 0.08 0.40337711093750006 0.0775 0.40900562812499996 0.11875 0.47842401562500003
0 0.15625 0 0.15625 0.043151970312499996 0.17124999999999999 0.0581613515625 0.18875 0.06378986875 0.24500000000000002 0.0581613515625 0.29500000000000004 0.0300187625 0.32125 0 0.15625 0
0 0.1125 0.92682926875 0.12375 0.943714821875 0.14375 0.998123828125 0.33875 0.998123828125 0.355 0.92682926875 0.35125 0.8611632265625 0.32875 0.7973733578125 0.27875 0.7392120078125 0.2325 0.7166979359375001 0.20125 0.7166979359375001 0.18375 0.727954971875 0.155 0.79924953125 0.10625 0.8667917453125 0.10500000000000001 0.8724202625 0.1125 0.8724202625 0.11499999999999999 0.881801125 0.1125 0.92682926875
0 0.25 0.679174484375 0.28375 0.7354596625 0.33375 0.7879924953125 0.38125 0.7804878046875 0.41624999999999995 0.7542213890625 0.4425 0.7166979359375001 0.46624999999999994 0.6435272046875 0.46875 0.58348968125 0.4525 0.5121951218749999 0.41125 0.433395871875 0.3675 0.39587242031250003 0.3275 0.3883677296875 0.28625 0.40712945625 0.2425 0.50469043125 0.2375 0.551594746875 0.24 0.590994371875 0.23500000000000001 0.5947467171875 0.23625 0.6135084421875 0.25 0.679174484375
0 0.325 0 0.29375 0.039399625 0.28375 0.0600375234375 0.275 0.0844277671875 0.27125 0.11444652968749999 0.26875 0.1575984984375 0.29375 0.238273921875 0.29874999999999996 0.3320825515625 0.31 0.35272044999999996 0.33125 0.3733583484375 0.365 0.390243903125 0.40750000000000003 0.3733583484375 0.42374999999999996 0.35834896875 0.4625 0.302063790625 0.485 0.255159475 0.49625 0.1876172609375 0.49625 0.14634146406249998 0.49000000000000005 0.10694183906250002 0.46875 0.045028142187499995 0.44125 0 0.325 0
0 0.49375 0.09756097500000001 0.5237499999999999 0.0938086296875 0.5525 0.0769230765625 0.5775 0.048780487500000004 0.60375 0 0.445 0.001876171875 0.46375 0.0300187625 0.4875 0.0938086296875 0.49375 0.09756097500000001
0 0.6075 0 0.59375 0.0281425890625 0.55 0.08818011249999999 0.54625 0.095684803125 0.5475 0.11257035625 0.5599999999999999 0.17636022499999998 0.57125 0.1951219515625 0.605 0.21951219531250002 0.62625 0.24577861093750003 0.65 0.30018761718750003 0.6837500000000001 0.2926829265625 0.7150000000000001 0.26641651093749996 0.74125 0.2251407125 0.75625 0.183864915625 0.75625 0.1275797375 0.74375 0.0525328328125 0.735 0.024390243750000002 0.7212500000000001 0.0187617265625 0.7212500000000001 0 0.6075 0
0 0.445 0.4615384609375 0.4425 0.47654784218749996 0.45125000000000004 0.4859287046875 0.45999999999999996 0.51031895 0.47625 0.529080675 0.5237499999999999 0.560975609375 0.56375 0.5572232640625 0.6012500000000001 0.529080675 0.6375 0.47842401562500003 0.6575 0.41088180156250004 0.655 0.3302063796875 0.63875 0.2757973734375 0.605 0.2251407125 0.57125 0.20450281406249998 0.5325 0.20450281406249998 0.5 0.223264540625 0.485 0.26641651093749996 0.43875000000000003 0.35272044999999996 0.43375 0.3714821765625 0.4375 0.37711069375 0.44000000000000006 0.44652908125 0.445 0.4615384609375
0 0.44375 0.8405253281249999 0.43875000000000003 0.84803001875 0.45499999999999996 0.879924953125 0.475 0.8930581609375 0.5225 0.958724203125 0.55375 0.9512195125 0.59375 0.9099437140625 0.60875 0.881801125 0.625 0.831144465625 0.63125 0.776735459375 0.62375 0.6923076921875 0.60875 0.6454033765625 0.57875 0.5966228890624999 0.53625 0.5684802999999999 0.49375 0.5722326453125001 0.4725 0.585365853125 0.46624999999999994 0.6529080671874999 0.45625 0.6885553468750001 0.425 0.752345215625 0.42625 0.7861163234374999 0.43375 0.8067542218750001 0.43 0.8180112578125 0.44375 0.8405253281249999
0 0.48875 0.9155722328125 0.45375 0.8968105062499999 0.40125 0.8986866796875 0.35625 0.958724203125 0.3525 0.9737335828125 0.35 0.998123828125 0.5337500000000001 0.998123828125 0.52125 0.96622889375 0.48875 0.9155722328125
0 0.60875 0.9343339593750001 0.5900000000000001 0.9324577859375 0.575 0.9399624765624999 0.54875 0.9624765484375001 0.54625 0.9737335828125 0.54 0.977485928125 0.5387500000000001 0.998123828125 0.6900000000000001 0.998123828125 0.65 0.9549718578125 0.60875 0.9343339593750001
0 0.7465625 0.998123828125 0.83625 0.998123828125 0.805 0.96622889375 0.7787499999999999 0.9549718578125 0.73375 0.998123828125 0.74015625 0.998123828125 0.745 0.9887429640625 0.7465625 0.998123828125
0 0.61125 0.881801125 0.61125 0.8968105062499999 0.62375 0.9099437140625 0.62625 0.92682926875 0.6375 0.9305816140625 0.64125 0.9418386484375001 0.69875 0.998123828125 0.73625 0.9906191375000001 0.76625 0.9681050656249999 0.79625 0.9174484046875 0.81125 0.8667917453125 0.8162499999999999 0.831144465625 0.8175000000000001 0.7917448406250001 0.8125 0.7467166984375 0.79625 0.7016885546875 0.7625 0.6529080671874999 0.7212500000000001 0.6266416515625 0.66625 0.630393996875 0.6212500000000001 0.664165103125 0.6287499999999999 0.7091932453124999 0.6325000000000001 0.7786116328125 0.6287499999999999 0.8198874296875 0.61125 0.881801125
0 0.6287499999999999 0.502814259375 0.6287499999999999 0.521575984375 0.665 0.5872420265625 0.71 0.615384615625 0.74375 0.6172607875 0.7975 0.6003752343750001 0.835 0.5590994375 0.85 0.5084427765624999 0.85 0.4296435265625 0.8275 0.3564727953125 0.8087500000000001 0.32457786093749996 0.78125 0.2983114453125 0.7474999999999999 0.287054409375 0.69875 0.28893058125 0.655 0.313320825 0.6599999999999999 0.3639774859375 0.6575 0.42026266406249996 0.645 0.46716697968750004 0.6287499999999999 0.502814259375
0 0.73625 0 0.73375 0.0131332078125 0.7462500000000001 0.05440900625 0.7625 0.1726078796875 0.8012499999999999 0.1894934328125 0.8324999999999999 0.1876172609375 0.8825 0.153846153125 0.9125 0.10881801093750001 0.9275 0.056285178125 0.9275 0 0.73625 0
0 0.9925 0.0093808625 0.99875 0 0.92875 0.001876171875 0.93125 0.0206378984375 0.9574999999999999 0.022514071875 0.9925 0.0093808625
0 0.99875 0.32833020625 0.99875 0.0131332078125 0.98125 0.016885553125 0.94625 0.041275796875 0.9337500000000001 0.0600375234375 0.9262499999999999 0.09756097500000001 0.92875 0.1726078796875 0.95875 0.21575985000000003 0.99 0.320825515625 0.99875 0.32833020625
0 0.8462500000000001 0.40337711093750006 0.85375 0.44840525312499996 0.85625 0.5140712953125 0.8975 0.5159474671875001 0.9237500000000001 0.50469043125 0.9525 0.4821763609375 0.9675 0.457786115625 0.98375 0.39587242031250003 0.985 0.3095684796875 0.96875 0.24577861093750003 0.9525 0.2101313328125 0.9324999999999999 0.183864915625 0.9037499999999999 0.168855534375 0.85375 0.1801125703125 0.8162499999999999 0.2120075046875 0.79875 0.2363977484375 0.79 0.2589118203125 0.78625 0.29643527187499996 0.80625 0.3151969984375 0.8262499999999999 0.3489681046875 0.8462500000000001 0.40337711093750006
0 0.9800000000000001 0.7242026265625 0.99875 0.7260788 0.99875 0.3827392125 0.9875 0.3864915578125 0.9737500000000001 0.45028142656250003 0.9349999999999999 0.5084427765624999 0.93125 0.521575984375 0.9275 0.5703564734375 0.9637499999999999 0.6378986859375 0.975 0.679174484375 0.9800000000000001 0.7242026265625
0 0.80625 0.72045028125 0.8162499999999999 0.7617260781249999 0.81875 0.8180112578125 0.8125 0.879924953125 0.8375 0.8986866796875 0.8775000000000001 0.902439025 0.9125 0.889305815625 0.93625 0.8667917453125 0.9475 0.8499061906250001 0.9637499999999999 0.8067542218750001 0.975 0.7410881796875 0.9737500000000001 0.6810506562499999 0.9525 0.615384615625 0.9199999999999999 0.57410881875 0.88125 0.5553470921875 0.8400000000000001 0.560975609375 0.805 0.6022514078125 0.8012499999999999 0.6135084421875 0.79375 0.6135084421875 0.79125 0.6529080671874999 0.7825 0.6604127578125001 0.7825 0.673545965625 0.80625 0.72045028125
0 0.99875 0.998123828125 0.99875 0.9136960593750001 0.9512499999999999 0.894934334375 0.91625 0.8930581609375 0.8825 0.9118198874999999 0.85125 0.9624765484375001 0.8487500000000001 0.9793621015625 0.8387499999999999 0.992495309375 0.8412499999999999 0.9962476546874999 0.99875 0.998123828125