0 0.8294170203125001 0 0.8358850953125 0.0274083828125 0.8465610437500001 0.054664778125 0.87671975 0.1007686234375 0.9114213812499999 0.1327264375 0.9413399234375 0.149040121875 0.9654694453125 0.1557229484375 0.98253764375 0.153705440625 0.9744822828125 0 0.8294170203125001 0
0 0.9958166500000001 0.4322915015625 0.9972379437500001 0.43420386562499996 0.9851923671874999 0.20436055937500003 0.9748929046875 0.23470307968749998 0.9706226265625 0.30446662343750003 0.98340788125 0.3971785203125 0.9958166500000001 0.4322915015625
0 1 0.4869070375 0.9983464484375 0.45535539375 0.95324278125 0.4265753046875 0.9062298312499999 0.43698654843750007 0.85786055 0.49714012187499995 0.8373654687500001 0.559806571875 0.83264734375 0.5958171343750001 0.8351395328125 0.6433709234375 0.8481324703125 0.7400456359375001 0.86317614375 0.7750205296875 0.8830742640624999 0.8017936109375 0.92720575 0.8372309265625001 0.9915857562499999 0.8557122625 1 0.853198240625 1 0.4869070375
0 1 0.8638836875000001 0.9854138546875 0.8639831171875001 0.9518869609375 0.8796481359375001 0.9123244875 0.931392765625 0.8964573265625001 0.9799087249999999 1 0.9744822828125 1 0.8638836875000001
0 0.9364077203125 0.2565885015625 0.929411484375 0.1735074640625 0.907676703125 0.13689638906249998 0.8995643015624999 0.133347840625 0.8398699390625 0.0530285953125 0.8145268031249999 0.048396221875 0.7791632484375 0.054223246875 0.7434168125 0.0779519875 0.72237004375 0.10488405 0.7044773859375 0.1415850640625 0.6924775890625 0.18989834218749999 0.6882786703125 0.2358159453125 0.6911862234374999 0.291295365625 0.6987405421874999 0.3346101578125 0.7175613750000001 0.391242446875 0.7513933984375 0.45702228125 0.7985751546875 0.5002471374999999 0.8331404625 0.5043961968749999 0.8523830546875001 0.4934534859375 0.885462103125 0.44403548906249996 0.9250959359375001 0.368444921875 0.9221495046875001 0.3626387875 0.9364077203125 0.2565885015625
0 0.7147018734375 0 0.729138903125 0.007173665625000001 0.788735821875 0.0100108734375 0.80686864375 0.003100021875 0.809652509375 0 0.7147018734375 0
0 0.9138560171875 0.8597859046874999 0.9217607375 0.8593716359375 0.9201317609374999 0.8534964578125 0.8650128031250001 0.7848585234375001 0.8307654140625 0.7111530562499999 0.8116980203124999 0.7002312359375 0.778761690625 0.70195735625 0.731262015625 0.728288909375 0.6817829640624999 0.7924743421875 0.66159940625 0.8610850140625 0.6612814890625 0.930641421875 0.678472503125 0.991332825 0.8922382531249999 0.9801298375 0.9059449031250001 0.9357008046875 0.9168674125 0.91724673125 0.9117403171875 0.8698310328125001 0.9138560171875 0.8597859046874999
0 0.7638996125 0.5696173015625 0.764353853125 0.52786965 0.7564880109375001 0.47861063281250005 0.7049774078125 0.3779939953125 0.6604630390625 0.3604583953125 0.6187199015625 0.370593459375 0.5746858640625 0.412638184375 0.5355712375 0.498135790625 0.522390309375 0.5743268687499999 0.5283481343750001 0.6375938296875 0.5574295515625 0.7135568828125 0.5871728921875 0.7517350984375 0.625515359375 0.7775415546875 0.675993946875 0.7828434828125 0.725784521875 0.724602271875 0.758240521875 0.663295828125 0.7690980656249999 0.5931870625 0.7693771078125 0.5733039390625 0.7638996125 0.5696173015625
0 0.49564495 0 0.49258788906250006 0.0056628296875 0.47361794375 0.0722230484375 0.46921134374999995 0.1141778359375 0.47149585 0.1577688078125 0.4870912109375 0.22847808593750002 0.5134013984375 0.276770475 0.557357684375 0.3340723203125 0.5753153046875 0.349026 0.621043284375 0.364511146875 0.6556799515625 0.34481426718749997 0.676934403125 0.3218450203125 0.6876492296875 0.29942813125 0.68772698125 0.2000815625 0.709610875 0.1135001296875 0.7045876203125 0.068065840625 0.698973803125 0.0365704484375 0.6884016953125001 0.0112954609375 0.6821901703125001 0 0.49564495 0
0 0.486907034375 0 0.372337453125 0.0060043375 0.37817714375 0.015632540625 0.40608382656249997 0.0439727625 0.4373198203125 0.060217403125 0.46914637968750006 0.0625231421875 0.4755259625 0.0582151046875 0.49375090000000005 0 0.486907034375 0
0 0.21535184375 0.2109297453125 0.2453028671875 0.25307077499999997 0.2796929734375 0.2790843640625 0.3156795765625 0.28514578749999997 0.3376997921875 0.22637310937500002 0.3586427203125 0.1974596375 0.392864021875 0.1698371265625 0.4036826890625 0.1494016453125 0.4133266203125 0.0813433328125 0.4137095046875 0.0634416171875 0.40934177812500006 0.0557231203125 0.3691768328125 0.006169978125 0.206740340625 0.0146829140625 0.2031635484375 0.028778315625000002 0.1941426640625 0.1087250765625 0.1972579 0.16816731093749998 0.21535184375 0.2109297453125
0 0.5475449453125 0.3484945328125 0.541236721875 0.328956634375 0.48771425781250005 0.24036653281249998 0.469516471875 0.1956226890625 0.43422427656249996 0.177603778125 0.393383228125 0.179744165625 0.35895424375 0.20340386093750001 0.32618671875 0.25876608125 0.312071221875 0.31712449062500003 0.3139014859375 0.402463115625 0.3387190203125 0.47268907968749996 0.37972887499999997 0.524184790625 0.42081008906250006 0.5518345640625 0.463176275 0.553587946875 0.5114741953124999 0.5172803109374999 0.5275626765625 0.4965686515625 0.5354349140625 0.47032703593749997 0.5441378796875 0.459936684375 0.54067224375 0.4442235109375 0.545111328125 0.4280960703125 0.5439041109375 0.3546458921875 0.5475449453125 0.3484945328125
0 0.5783985656249999 0.7859713890625 0.5778468796875 0.7502370046875 0.5413799484374999 0.6845952578125 0.528867340625 0.64750086875 0.5185417921875 0.5765154124999999 0.4954181984375 0.56381931875 0.4504171078125 0.5622040265625 0.40718131562500004 0.5942726656249999 0.378262309375 0.64744634375 0.36504890156249997 0.6978100765625 0.3618170328125 0.787387696875 0.37141569375 0.8445033000000001 0.3913462984375 0.897103728125 0.40871335468750003 0.9259963078125001 0.4531563625 0.9673778453124999 0.4865080578125 0.9735773562500001 0.5329368390625 0.90160438125 0.5532892015625 0.8866298109375 0.56865079375 0.8520482953125 0.562965615625 0.8443988421874999 0.5762115078125001 0.8198624562499999 0.5716361 0.80818114375 0.5783985656249999 0.7859713890625
0 0.5130929562500001 1 0.6683515828125 0.991863240625 0.666512425 0.9800385265625 0.661729334375 0.9643943984375 0.6109781015625 0.9034749625 0.5555412265624999 0.9043934359374999 0.5196909484375001 0.9261407687500001 0.4882408765625 0.9814339437499999 0.4820786 1 0.5130929562500001 1
0 0.46974086249999997 1 0.46910212500000004 0.9943580624999999 0.462307178125 0.9907404703125 0.4590492234375 0.9789901140625 0.43013661093750005 0.9566631609374999 0.4139118078125 0.9495660656249999 0.3942538515625 0.9525831468750001 0.35192014843749997 0.9766571109375001 0.3324912 1 0.46974086249999997 1
0 0.234988971875 1 0.21622246875 0.983768725 0.189178996875 0.9971071125 0.1866324234375 1 0.234988971875 1
0 0.32580803281250004 1 0.3604154328125 0.96230394375 0.3637447453125 0.9502083609374999 0.3753941421875 0.9456241437499999 0.37709447812499997 0.9276533828125 0.3895421203125 0.9130930796875001 0.38871139062500004 0.8972418171875001 0.3668402875 0.8328219875 0.360603421875 0.78943815 0.3607136578125 0.7159189265625 0.3661261890625 0.6679508703125 0.3168287328125 0.6347711421875 0.258653109375 0.633846296875 0.21663092968750003 0.6638644859375 0.1837595625 0.7172452984375 0.169124859375 0.76569666875 0.166347234375 0.8135266343750001 0.169845353125 0.855067153125 0.1770881484375 0.8924377234374999 0.1957012984375 0.9451071953125 0.2301238875 0.9969481328124999 0.2346582625 1 0.32580803281250004 1
0 0.30867055 0.3530660109375 0.31113665 0.29929181875 0.26367585312499997 0.27595008593750003 0.2121913359375 0.2766614265625 0.177243146875 0.29041408125 0.149712953125 0.3196727765625 0.13171645468749998 0.3543923828125 0.1120521046875 0.4329100921875 0.11641343281250001 0.5161292203125 0.13502658437499998 0.56879869375 0.1768346859375 0.610318321875 0.2344197453125 0.625182065625 0.2698871390625 0.6213364484375 0.3157578390625 0.58912971875 0.350329540625 0.5177781453125 0.349291128125 0.49796406875 0.3301912546875 0.461214903125 0.3144206921875 0.4123701546875 0.30867055 0.3530660109375
0 0.1171009359375 0.1763418578125 0.15014110625 0.176597146875 0.19004758593749999 0.1566240875 0.20063248281249998 0.0308978125 0.20459249218750003 0.014795478125 0.0087710390625 0.0250580453125 0.009705609375 0.042890715625 0.0284226 0.097541596875 0.062533665625 0.143438309375 0.1171009359375 0.1763418578125
0 0 0.18976276718750001 0.0148263078125 0.16580704531249998 0.013307568750000002 0.0864126421875 0.003326025 0.04719875625 0 0.0427235625 0 0.18976276718750001
0 0 0.4839852171875 0.0069284921875 0.49405118437500006 0.0384760109375 0.5162400484375 0.0667655765625 0.5266785546875 0.110137690625 0.5224186671875 0.10913815468750002 0.4529313046875 0.1145506859375 0.4049632484375 0.13261854374999998 0.34639770625 0.1518286546875 0.3096276484375 0.17186949375 0.288708853125 0.165840309375 0.24928783281250003 0.15537204375 0.22599425156250003 0.1355777625 0.20120257812500003 0.094288865625 0.1695899875 0.040967690625 0.160463334375 0.011496996875 0.1779026265625 0 0.1948002703125 0 0.4839852171875
0 0 0.513092959375 0.0072558734375 0.651543265625 0.03815809375 0.5857964546875001 0.031505862499999995 0.5344869859375 0.026826615625 0.5208242656250001 0 0.484728840625 0 0.513092959375
0 0.1092361109375 0.9337438453125 0.15118693125 0.9275715968749999 0.17649758437500002 0.906376621875 0.1664835578125 0.8413353890625 0.16600322812499999 0.781755065625 0.17425835 0.7376117343749999 0.1966939296875 0.6867646875 0.1959670421875 0.6728948328125 0.1863295046875 0.665452515625 0.18151393437500002 0.6239810421875001 0.17360921406250002 0.6243953109375 0.1690338078125 0.6127139984375 0.1298606125 0.57105628125 0.08607313125 0.5673905343750001 0.0462704953125 0.589345003125 0.014301217187500001 0.6347311390625 0.0076792421875 0.6596216203124999 0.0175394546875 0.84776570625 0.032551178125 0.8821309359375 0.0453428265625 0.899342203125 0.0716205328125 0.9218072453125 0.1092361109375 0.9337438453125
0 0.1410931828125 1 0.1402255453125 0.9956989546875 0.104485503125 0.9439270625 0.0678758546875 0.9259771953125 0.031091006249999997 0.9298918578125001 0.0220601203125 0.93402513125 0.0255177171875 1 0.1410931828125 1