0 1 0.0576373671875 0.9012565078125 0.045513190625 0.9036786859375001 0.0874596265625 0.909437959375 0.11593279375000001 0.9310339859375001 0.16618334375 0.95951953125 0.20339680625 0.9860166171875001 0.22449982343750002 1 0.231150078125 1 0.0576373671875
0 1 0.3311101984375 0.9879053593749999 0.381411409375 0.9844453703125 0.47420106874999995 0.990547596875 0.5106494953125 1 0.529451628125 1 0.3311101984375
0 0.8442172093750001 0.55019770625 0.8133343296875 0.6078876640625 0.8025033531249999 0.64225695625 0.796745746875 0.6891489 0.7928059578125 0.7858462187499999 0.8015132921875001 0.8226145140625001 0.8163904453124999 0.8522072171874999 0.8535140671875 0.894447878125 0.9133977578125 0.9236168296875 0.9522939375 0.9191160140625 0.9985121453125 0.5426989156250001 0.9973695250000001 0.5412364281250001 0.94982546875 0.4977162984375 0.9019739250000001 0.499774015625 0.8442172093750001 0.55019770625
0 0.9423626328125 1 0.9498923546875 0.93867533125 0.9486697671875 0.9378641218749999 0.9059253859374999 0.9306324859374999 0.8703796796875001 0.9401510296875 0.8227004453125 0.9838789328124999 0.8140704328125 1 0.9423626328125 1
0 0.96264156875 0.3287272296875 0.9701122734375 0.24634646093749998 0.95513206875 0.2068246703125 0.9477965453125 0.20195740468749998 0.903165090625 0.11317929687499999 0.8791362640625 0.104279065625 0.84348750625 0.103868521875 0.804377090625 0.120882525 0.7791149671875 0.14356345937499998 0.755258453125 0.1763334140625 0.735172753125 0.22146608906249998 0.7231422765625 0.265604534375 0.71642506875 0.32031180312499996 0.7163574781250001 0.36393581875000003 0.7250310171875001 0.4225161203125 0.74683315 0.4926248453125 0.7856022796875 0.5430006984375 0.8187489828125001 0.5530204640624999 0.8394867937500001 0.5456503109375 0.8804133593750001 0.5030765734375 0.9322739515625 0.4360626296875 0.9303885453125 0.42988127187499997 0.96264156875 0.3287272296875
0 0.8969936046875 0.044989773437500005 0.7767244515625 0.030222578125 0.8025930671875001 0.049265140624999995 0.860488296875 0.06232364218749999 0.8794437546875 0.05870121874999999 0.8969936046875 0.044989773437500005
0 0.8090216890624999 1 0.8157078734375001 0.9869869265625001 0.8295899625 0.97084185 0.8327424609375 0.9236300390625001 0.8365470703125 0.9141807515625 0.84436239375 0.9151403531250001 0.843779540625 0.9091189249999999 0.8016163453124999 0.8325436015625 0.7807738140625 0.7546195531250001 0.7639774593750001 0.7406574984375001 0.731413609375 0.7366591609375 0.6803403078125 0.7541875921875001 0.6208012390625 0.8083590125000001 0.58919865625 0.8719104625 0.576894484375 0.939814746875 0.5830585109374999 1 0.8090216890624999 1
0 0.7396716046875 0.6047928812500001 0.74731461875 0.564082296875 0.7481019078125 0.5145967875 0.7149873343750001 0.40739990156249994 0.6744020546875 0.3825837859375 0.631760725 0.3852812375 0.5813733296875 0.41876018437500007 0.528313234375 0.4955432796875 0.502263821875 0.5677097234375 0.49719212187500006 0.63055218125 0.5125845359375 0.709790328125 0.535140165625 0.7522255515625 0.5682530734375 0.784057325 0.616790525 0.797950121875 0.6756098921875 0.7496401953125 0.7179758578125 0.6953434703125 0.7407004640625 0.628718653125 0.7444020203124999 0.609340278125 0.7396716046875 0.6047928812500001
0 0.52422659375 0.1519328421875 0.5273131703125 0.22371016093749999 0.544761634375 0.2754347390625 0.5779438015625 0.3390076078125 0.5929578 0.3567173921875 0.635085534375 0.3797396109375 0.6724135953125 0.3664733359375 0.6971959156249999 0.347700065625 0.7115578046875 0.3276473265625 0.728763034375 0.230595509375 0.7651298265625 0.1497794484375 0.768042425 0.1045214671875 0.76797316875 0.0727803703125 0.7619739937500001 0.046261032812500005 0.7556072875 0.027629715625000002 0.5725491125 0.0051529984374999995 0.571115203125 0.0069602234375 0.5410550765625 0.0687177765625 0.5295044 0.10894856093750001 0.52422659375 0.1519328421875
0 0.459417359375 0 0.4797657796875 0.0294598046875 0.5075654203125 0.0507227546875 0.538346915625 0.0584688203125 0.5453394859375 0.0553608265625 0.571470034375 0.0050205046875 0.5305813046875001 0 0.459417359375 0
0 0.2775626515625 0 0.2609721703125 0.0561440765625 0.25377516093749997 0.1147590078125 0.264128003125 0.1596624921875 0.28620383125000004 0.20600537812500003 0.31540907812499996 0.23735735 0.349618434375 0.2494908796875 0.38132406875 0.1958685171875 0.40682609062499997 0.171233753125 0.44511375312499996 0.1501521546875 0.45923574062499994 0.132053246875 0.48041789062499995 0.067222328125 0.483879546875 0.049797782812500004 0.4809314859375 0.04150265625 0.45783303125 0 0.2775626515625 0
0 0.565844065625 0.3514049578125 0.563032853125 0.33122691406250004 0.52587376875 0.235433146875 0.5157608265625 0.18857583125 0.484293425 0.16487925 0.4439142515625 0.1599213109375 0.40610639062500004 0.1770952453125 0.3644601234375 0.225530478125 0.34056981406250003 0.2801124421875 0.32764899375 0.36380730781250004 0.33985344687499996 0.4367041609375 0.37115020625 0.4940956703125 0.406628321875 0.528201140625 0.44783025 0.537226675 0.50140560625 0.5100890234375 0.5207378109375 0.492629846875 0.5329743921875 0.4683495796875 0.543291771875 0.45969995937499997 0.542605865625 0.44374944374999997 0.549735284375 0.4287585296875 0.561216703125 0.35678665 0.565844065625 0.3514049578125
0 0.520641428125 0.7841612109375 0.5262621875 0.7491521859375 0.501854946875 0.67872359375 0.49599262031249997 0.6403213375 0.498116259375 0.569183753125 0.47765214375 0.5527880671875 0.43384510781249996 0.543442665625 0.38595976875 0.5673123890625 0.348461065625 0.6142735921875 0.326832909375 0.6612001640625 0.308222071875 0.7481629578125 0.307777734375 0.805623725 0.3182336296875 0.8604562984375 0.33026577343749997 0.891682965625 0.36666969374999997 0.9397851203125 0.39827394374999997 0.9515987828125001 0.45616750625 0.8892921703125 0.47868767187500005 0.8781742906250001 0.49969917812500003 0.8470382984375 0.4954485625 0.838583240625 0.5126554624999999 0.8168965375000001 0.5101872000000001 0.8046937515625 0.520641428125 0.7841612109375
0 0.5732820359375 1 0.5735020859375 0.9889803890625 0.5715136265625 0.972869940625 0.5322984921875 0.9045897421875001 0.4778311234375 0.8959187015625 0.4389606078125 0.910978875 0.398616896875 0.959574040625 0.38251915937500003 0.9893300796875 0.4694186875 1 0.5732820359375 1
0 0.345965678125 0.9253432640625 0.33129463124999997 0.9156087375 0.311516421875 0.9151635671875 0.2658932359375 0.9313779015625 0.22074595000000002 0.9694668265624999 0.37642432187499997 0.9885817265625001 0.377639184375 0.9688980234375 0.371606215625 0.96419069375 0.370440509375 0.9521478406250001 0.345965678125 0.9253432640625
0 0.1603187703125 0.9620473015625001 0.1625809265625 0.9543919125 0.16565924375000002 0.9627030296875001 0.17130553125 0.96339630625 0.1317301734375 0.9149047484375 0.1029371375 0.92326913125 0.068450403125 0.9507672843750001 0.1603187703125 0.9620473015625001
0 0.2990044765625 0.8878445609375 0.31370931875 0.8757670781250001 0.315628521875 0.8601364312499999 0.30530947343750003 0.7934209375 0.30667961718750003 0.7499568562500001 0.31946359062499996 0.6781449078125 0.333036521875 0.632212565625 0.29046278281250004 0.5912860015625 0.23363020625000003 0.5803412640625 0.1872873203125 0.6024170921875001 0.14588095625 0.6488984921875 0.12319014531250001 0.6937113015625 0.11222232343750001 0.7399635109375 0.108486971875 0.7811538953125 0.1091390828125 0.81891641875 0.11829242343749999 0.873589059375 0.1430764109375 0.9301809000000001 0.171458903125 0.9574652765625 0.20004666875 0.966925275 0.21181307187499998 0.9683700078124999 0.27669041562499996 0.9188206187500001 0.2820374796875 0.9075774328125 0.294240265625 0.9051091734375 0.2990044765625 0.8878445609375
0 0.3310413921875 0.314641665625 0.342728915625 0.2625279625 0.3002582296875 0.23153048593749997 0.2496985234375 0.2233392484375 0.21309016406249998 0.2307440296875 0.1810753734375 0.254579125 0.15745875625 0.28539525 0.1246566734375 0.35871585625 0.11458086249999999 0.44077675781250003 0.12373420156249999 0.49544939687499995 0.15753301718749999 0.543231684375 0.2113837359375 0.56769330625 0.2467925953125 0.57005768125 0.29728304375 0.546507821875 0.34345361875 0.482761809375 0.345852621875 0.4632234984375 0.333477525 0.4240215734375 0.32644949218749997 0.3735764625 0.3310413921875 0.314641665625
0 0.0979367390625 0 0.10055192187499999 0.0166140765625 0.1260556125 0.0673444265625 0.173839565625 0.10891072500000001 0.20616351718749998 0.1148628953125 0.24870179375 0.1022363546875 0.275776415625 0 0.0979367390625 0
0 0.0576373671875 0 0.0432804828125 0.1169274421875 0.075462109375 0.0809651953125 0.0876632296875 0.0031318218750000003 0.0874272015625 0 0.0576373671875 0
0 0.1073483921875 0.44583858281250005 0.118350009375 0.377774365625 0.13192293906250002 0.331842021875 0.1597209125 0.277739859375 0.1848799828125 0.2451298375 0.20811984843750003 0.2281504640625 0.2090101921875 0.18859404375 0.20277111718750002 0.1640285375 0.18765406406250001 0.1363896640625 0.15265575 0.09837653125 0.10199299218749999 0.0802562046875 0.070115046875 0.09220838125 0.045915578125 0.11700307812499999 0.042609223437499996 0.1223944109375 0.0090447140625 0.39575540625 0.011130037499999999 0.4003085765625 0.0382099765625 0.42743301875000006 0.06412420937499999 0.44251460781249996 0.1073483921875 0.44583858281250005
0 0 0.8284953859374999 0.0007534046875 0.829407775 0.035545615625 0.8475627328125 0.07770714375 0.8487729421875001 0.106157225 0.832433303125 0.107561165625 0.7671572125 0.11736328124999999 0.7088621484375001 0.133061521875 0.6671573359375 0.1638075546875 0.621350296875 0.16548685624999998 0.6076734796875 0.1573285796875 0.598738621875 0.1597613765625 0.557388303125 0.151946053125 0.5564287015625 0.14947779218749999 0.544225915625 0.11828408593749999 0.49676349374999995 0.07601950468749999 0.4856241953125 0.033241328125000004 0.500204565625 0 0.5331756796875 0 0.8284953859374999
0 0 0.9423626328125 0.0613246671875 0.9498923546875 0.064409575 0.9463045593749999 0.0556684453125 0.9313482734375 0.055222439062499996 0.913443928125 0.029135898437500002 0.8566921531249999 0 0.8354812296875 0 0.9423626328125