0 0.919549815625 1 0.9296821109375 0.9425369015625 0.9186983859375 0.9360379249999999 0.8975651578124999 0.9477906296875 0.8603355546874999 1 0.919549815625 1
0 0.91126210625 0.91924764375 0.9312323593749999 0.9337450031250001 0.9844626484375001 0.6318610296875 0.9398939046875 0.648768859375 0.9117859656249999 0.6902498625 0.8885161640625 0.8811829796874999 0.91126210625 0.91924764375
0 1 0.336368915625 0.98178555 0.36205326718749997 0.970390890625 0.397193834375 0.9681130687499999 0.44942101250000005 0.9455083765625 0.5383095796874999 0.961094978125 0.5874951109375 0.988859096875 0.606927534375 1 0.5437443328125 1 0.336368915625
0 1 0.080450184375 0.9913347140625 0.0789222609375 0.9716966375 0.1342799828125 0.967922884375 0.20481826406249998 0.9887357921875 0.27350020937499997 1 0.2853040828125 1 0.080450184375
0 0.8190916171874999 0.252874803125 0.850492828125 0.2615074953125 0.9061114453125001 0.2310689921875 0.9269677328125001 0.19140513750000002 0.9590340515625 0.097993284375 0.9632693734375 0.073973584375 0.781017140625 0.0418375984375 0.7607525203125001 0.1218513453125 0.7633317515625 0.1563600734375 0.79705971875 0.2304151078125 0.8190916171874999 0.252874803125
0 0.8085333374999999 0.59774413125 0.86327775 0.591917984375 0.9293245125 0.541647553125 0.9491219671875 0.5079886250000001 0.9582143406249999 0.4662504765625 0.9580052453125001 0.3888182859375 0.9444439906250001 0.3183191875 0.9220428359374999 0.2586446296875 0.8995738359375001 0.2484911125 0.849433996875 0.267512421875 0.8260907953125001 0.28197126250000004 0.8056716093749999 0.3093289390625 0.768150978125 0.4729827453125 0.7732171234375 0.5326964859375 0.7910137015625 0.5791758828125 0.8085333374999999 0.59774413125
0 0.710376878125 0.8497722171875 0.723224090625 0.9046663453124999 0.7560533890625 0.9445089765624999 0.8086801421875001 0.95069268125 0.8547448187500001 0.9154737453124999 0.883289859375 0.8616865640625001 0.8944075781249999 0.7986348484375 0.8959713562499999 0.7308027015625 0.8909975250000001 0.680392675 0.874352090625 0.6372120703124999 0.85232019375 0.614752375 0.82764121875 0.6073049921875 0.79589521875 0.6202821921874999 0.7760054484375 0.64463740625 0.7607202546875 0.68218778125 0.7549890015625 0.7245185859375 0.712217596875 0.8098512187500001 0.710376878125 0.8497722171875
0 0.796128678125 1 0.7910926593750001 0.981645475 0.7662290578125 0.9555906609375 0.7308449984375 0.9400640578124999 0.682570346875 0.977989128125 0.67146518125 1 0.796128678125 1
0 0.6629001531250001 1 0.6712435343750001 0.9636086531249999 0.6681348890625001 0.9321023875 0.633969821875 0.8703535312499999 0.5996445921875 0.8488220046875 0.57957019375 0.854569784375 0.53801778125 0.893680165625 0.51264923125 0.9294525734375 0.49736403749999997 0.967002946875 0.50081746875 0.9768993187499999 0.49448501875 1 0.6629001531250001 1
0 0.6428097187499999 0.8595289921875 0.6806562265625 0.8414358500000001 0.7005459953125001 0.8170806390625 0.7411074265625001 0.734454140625 0.753813390625 0.6623950359374999 0.7420250078125 0.6014959828124999 0.7182202359375001 0.56943624375 0.6772650828125 0.55602311875 0.639855678125 0.5618100828125 0.6082943046875 0.593394715625 0.5961856015625 0.612930315625 0.5659844703125 0.725245928125 0.5722017593750001 0.7882584625 0.5830914734375 0.8149451140625 0.608576803125 0.84730118125 0.6428097187499999 0.8595289921875
0 0.6425027531249999 0.5467977703125 0.6783239140624999 0.5500181937499999 0.710599328125 0.5340385296875 0.7464883343750001 0.4877379125 0.7684034515625 0.44206913437499995 0.782168246875 0.3640051046875 0.7789672875 0.3231951234375 0.7565661343750001 0.2635205625 0.72445088125 0.2392829 0.6965031015625 0.24054657812500002 0.6481361375 0.26916793125 0.6217087578125 0.3109452640625 0.60262534375 0.3602091625 0.594431640625 0.4361597125 0.59878374375 0.4802684859375 0.6187902953125 0.5240417484375001 0.6425027531249999 0.5467977703125
0 0.5908124921875 0.24048534843749997 0.6100126875 0.2593499265625 0.6491949671875 0.26316300625 0.6958813734375 0.234245325 0.71851053125 0.20418151562500003 0.746963259375 0.141090615625 0.7630303421875 0.06962416875 0.7619223625 0.038470673437500005 0.57102683125 0.004810640624999999 0.56021208125 0.030766025000000002 0.5526401078125 0.11301782656249999 0.5580510421875 0.1511216765625 0.5908124921875 0.24048534843749997
0 0.35216703437499997 0 0.3454697453125 0.0300509109375 0.3430996109375 0.072974371875 0.35267801875 0.136579559375 0.379499121875 0.19084184843750002 0.413639721875 0.19376594687499998 0.48233355937500005 0.12848320156249998 0.5053998203125001 0.08611321250000001 0.5153663953125001 0.01976270625 0.511540878125 0 0.35216703437499997 0
0 0.080450184375 0 0.05942308281250001 0.11925061875000001 0.0720490828125 0.1459175515625 0.0677214484375 0.16063353593750002 0.0723260234375 0.1738287 0.086484540625 0.1918042921875 0.13584248906250002 0.2066990546875 0.16758848906249998 0.1937218546875 0.1973769875 0.152537178125 0.22829216406250002 0.055826532812499996 0.23535806093749997 0 0.080450184375 0
0 0.1783425078125 0.3194505921875 0.1905679921875 0.36804346718750003 0.21764156875000001 0.3913921453125 0.24895046718749997 0.3907211234375 0.325517684375 0.3299224828125 0.3491133609375 0.28455003125 0.35714690312499997 0.2488168078125 0.35924009687499997 0.17798219843750002 0.3238315703125 0.10363083749999999 0.295077434375 0.0799858296875 0.26429795 0.0776543890625 0.23538365468750003 0.094226709375 0.21001510625000003 0.129999115625 0.1934186078125 0.2044680265625 0.20147661718749998 0.22755956249999998 0.189897328125 0.24409269843749998 0.1938801765625 0.2509866078125 0.1783425078125 0.3194505921875
0 0.48954738906250006 0.46100716875 0.51783995625 0.4381335953125 0.5558466234375 0.3798231265625 0.5797870875 0.3128407828125 0.5866694859375 0.27380876718749997 0.580636821875 0.22940366562499998 0.534868 0.1253631890625 0.5001979828125 0.12544155625 0.4429911203125 0.1648874484375 0.4164714265625 0.1973610640625 0.39411920624999996 0.2553360234375 0.3927400578125 0.34177559999999996 0.42310690624999997 0.41523797656249994 0.4245349921875 0.446447915625 0.45160856875000005 0.46979659375000005 0.48954738906250006 0.46100716875
0 0.4171776703125 0.8321272265624999 0.4728886015625 0.8109924390625001 0.514533328125 0.7811857734375 0.5383136328125 0.7544207546874999 0.5663292578125 0.703636034375 0.5813375093750001 0.6381745109375 0.5803465265625001 0.59465839375 0.5227214734375 0.47923990625 0.4868079984375 0.46671576562499995 0.4523226109375 0.48540156406249996 0.4191729921875 0.5259935859375 0.3665028609375 0.62815568125 0.35193171093750003 0.6813110250000001 0.3541661515625 0.7374296499999999 0.3709038984375 0.789913971875 0.4009014921875 0.8261614843749999 0.4171776703125 0.8321272265624999
0 0.4761581578125 1 0.4752642921875 0.9940642937499999 0.48348246093749997 0.9769385015625 0.48965081406250005 0.92230151875 0.48539102500000003 0.8874964625 0.46317449999999993 0.846429334375 0.43566382187499997 0.8353868328124999 0.407186628125 0.8396529749999999 0.34829920625 0.8788025390625 0.33840047812499996 0.895632003125 0.316282975 0.9753190375 0.4562556640625 1 0.4761581578125 1
0 0.34314074687499996 0.80978508125 0.3362338828125 0.7899923375 0.2858849484375 0.7315814578125 0.265188821875 0.731027984375 0.2191241453125 0.7662469187500001 0.1914533078125 0.7954217453125 0.16343768281249998 0.8462064640625 0.15107650625 0.8966556750000001 0.15156884531249998 0.9462754921875 0.30754075468750003 0.9737775484375 0.3149894296875 0.9596118859375 0.33662760468749997 0.8860319609375 0.3450982484375 0.83799255625 0.34314074687499996 0.80978508125
0 0.2755924984375 0.6523713 0.31203538750000004 0.6618929765625 0.3531507 0.635088775 0.3757798609375 0.6050249640625001 0.4019302984375 0.5353364843749999 0.4152579921875 0.4695786328125 0.4125864484375 0.4257661875 0.3919581671875 0.3756916734375 0.368245709375 0.3529356515625 0.3301222625 0.3431176453125 0.2983762625 0.3560948453125 0.2601849671875 0.3957978828125 0.2350010453125 0.45017772031250003 0.22494215624999997 0.5072245125 0.2283277421875 0.5666419265625 0.2450654890625 0.6191262484375 0.2755924984375 0.6523713
0 0.08619980000000001 0.7830543375000001 0.114861621875 0.7973956265625 0.14890990937499998 0.7910160078125 0.1971845609375 0.7530909390625 0.2235196265625 0.7020098906250001 0.23472965937499998 0.648261890625 0.2332092609375 0.6077482375 0.22089146249999997 0.5498516453125 0.20150664062499998 0.5123796375 0.16780314062499999 0.4971493609375 0.13207429375 0.503232653125 0.10431114062499999 0.5231037625 0.0806231515625 0.5591724984375 0.058363246875 0.626451171875 0.051136060937500005 0.68709308125 0.0640755875 0.7512909249999999 0.08619980000000001 0.7830543375000001
0 0 0.919549815625 0.1426058640625 0.9446950765625 0.1431352796875 0.9416926140624999 0.1447913703125 0.8831641843750001 0.130263596875 0.8279737265625 0.060899096875 0.7693057015625 0.02853136875 0.7759816484375001 0 0.8092985125000001 0 0.919549815625
0 0 0.80205795 0.0326743765625 0.7426582328125 0.0466238 0.6832016359375 0.047818321875 0.578154625 0.0340045921875 0.5385691375 0 0.498921459375 0 0.80205795
0 0 0.4758714234375 0.0494744140625 0.51962619375 0.0942277859375 0.5213257953125 0.1191592328125 0.4978595671875 0.14275491093749998 0.45248711718749995 0.148578478125 0.4194600265625 0.14503273125 0.4002599390625 0.16554423125 0.38220597968750003 0.1741071875 0.34347029375 0.1730238890625 0.2906504609375 0.15071505000000002 0.2402796171875 0.12417088750000001 0.21392847656249997 0.0944502359375 0.205592109375 0.05819197499999999 0.214677865625 0.0396257421875 0.23152692031250002 0 0.4562556703125 0 0.4758714234375