0 0 0 0 0.131578946875 0.03125 0.143274853125 0.0493421046875 0.1286549703125 0.087171053125 0.049707601562499995 0.09539473750000001 0 0 0
0 0 0.45321637499999995 0.0592105265625 0.41812865468749993 0.07894736875 0.37426900625 0.069078946875 0.1900584796875 0.0411184203125 0.1578947375 0.0049342109375 0.1403508765625 0 0.1403508765625 0 0.45321637499999995
0 0 0.7514619890625001 0.0361842109375 0.7485380109374999 0.0493421046875 0.733918128125 0.0674342109375 0.6959064328125 0.0723684203125 0.6608187140624999 0.0657894734375 0.6111111109375 0.0723684203125 0.5233918125 0.0493421046875 0.4795321640625 0.011513157812499999 0.46198830468749996 0 0.46491228125 0 0.7514619890625001
0 0 0.9970760234375 0.100328946875 0.9970760234375 0.11513157968750001 0.909356725 0.1069078953125 0.8421052625 0.0756578953125 0.7807017546874999 0.047697368750000003 0.76023391875 0.009868420312499999 0.754385965625 0 0.7573099421875 0 0.9970760234375
0 0.3092105265625 0.8538011703124999 0.26480263125 0.789473684375 0.2401315796875 0.771929825 0.2088815796875 0.7690058484375 0.1611842109375 0.80701754375 0.148026315625 0.847953215625 0.133223684375 0.9415204671874999 0.133223684375 0.9970760234375 0.3092105265625 0.9970760234375 0.3174342109375 0.8859649125000001 0.3092105265625 0.8538011703124999
0 0.14144736875 0.78362573125 0.164473684375 0.789473684375 0.2088815796875 0.7631578953125 0.2286184203125 0.745614034375 0.243421053125 0.71637426875 0.2516447375 0.5555555562500001 0.2368421046875 0.5 0.212171053125 0.45906432812500003 0.1924342109375 0.44444444375 0.14144736875 0.45906432812500003 0.087171053125 0.517543859375 0.0740131578125 0.5526315796875 0.0723684203125 0.5935672515625 0.085526315625 0.6666666671875 0.11019736875 0.7309941515625 0.14144736875 0.78362573125
0 0.12335526249999999 0.41812865468749993 0.148026315625 0.43567251406249996 0.17269736875 0.438596490625 0.2006578953125 0.42105263125 0.21546052656249998 0.3947368421875 0.2236842109375 0.356725146875 0.22203947343750002 0.3157894734375 0.2483552625 0.22807017499999999 0.243421053125 0.1900584796875 0.22203947343750002 0.1403508765625 0.1842105265625 0.10818713437500001 0.133223684375 0.1111111109375 0.09539473750000001 0.15204678437500002 0.07730263125 0.2076023390625 0.07730263125 0.26900584843750003 0.087171053125 0.3333333328125 0.100328946875 0.380116959375 0.12335526249999999 0.41812865468749993
0 0.2088815796875 0.10818713437500001 0.2483552625 0.0643274859375 0.2598684203125 0.0263157890625 0.2598684203125 0 0.10855263125 0.0029239765625 0.1447368421875 0.07894736875 0.17269736875 0.09941520468750001 0.2088815796875 0.10818713437500001
0 0.2680921046875 0 0.26480263125 0.01169590625 0.2615131578125 0.07602339218750001 0.2697368421875 0.1052631578125 0.3125 0.1578947375 0.3486842109375 0.1725146203125 0.366776315625 0.163742690625 0.399671053125 0.11988304062499999 0.4177631578125 0.0818713453125 0.4259868421875 0.043859648437499996 0.42105263125 0.03508771875 0.42434210468750005 0 0.2680921046875 0
0 0.3240131578125 0.46198830468749996 0.35855263125 0.4502923984375 0.383223684375 0.415204678125 0.39144736875 0.3947368421875 0.4013157890625 0.28362573125 0.3848684203125 0.2251461984375 0.3700657890625 0.2017543859375 0.3404605265625 0.17543859687500002 0.305921053125 0.16959064375 0.273026315625 0.19298245625 0.258223684375 0.2192982453125 0.23355263124999998 0.30409356718749997 0.23355263124999998 0.37426900625 0.2549342109375 0.4298245609375 0.2828947375 0.4561403515625 0.3240131578125 0.46198830468749996
0 0.3322368421875 0.7690058484375 0.35855263125 0.7631578953125 0.399671053125 0.728070175 0.4177631578125 0.6842105265625 0.4276315796875 0.6345029234374999 0.42269736875 0.561403509375 0.4111842109375 0.5204678359375 0.3848684203125 0.482456140625 0.35855263125 0.46491228125 0.3240131578125 0.46783625781250004 0.29605263125 0.48830409374999995 0.2697368421875 0.5380116953125 0.256578946875 0.5847953218749999 0.256578946875 0.6608187140624999 0.26644736875 0.698830409375 0.29769736875 0.7514619890625001 0.3322368421875 0.7690058484375
0 0.523026315625 0.9385964906250001 0.51644736875 0.8596491234375 0.5049342109375 0.8245614031249999 0.4588815796875 0.745614034375 0.4375 0.7309941515625 0.399671053125 0.733918128125 0.36019736875 0.7690058484375 0.34375 0.801169590625 0.32730263125 0.8654970765625001 0.3240131578125 0.9356725140625001 0.337171053125 0.9970760234375 0.5098684203125 0.9970760234375 0.523026315625 0.9385964906250001
0 0.8108552625 0.9298245609375 0.7697368421874999 0.9385964906250001 0.7401315796875 0.9853801171875001 0.7384868421874999 0.9970760234375 0.8700657890624999 0.9970760234375 0.8453947375 0.959064328125 0.8108552625 0.9298245609375
0 0.7236842109375 0.9766081874999999 0.726973684375 0.9035087718750001 0.7220394734375 0.8625731 0.70230263125 0.8040935671874999 0.6677631578125001 0.7573099421875 0.6348684203125 0.76023391875 0.5805921046875 0.8333333328125001 0.5657894734375 0.8771929828125 0.5674342109375 0.9415204671874999 0.5888157890625 0.9970760234375 0.7154605265625 0.9970760234375 0.7236842109375 0.9766081874999999
0 0.9983552625 0.9415204671874999 0.9983552625 0.7923976609375 0.9671052625 0.7485380109374999 0.96875 0.733918128125 0.9621710531250001 0.722222221875 0.945723684375 0.7076023390625 0.8963815796875 0.7017543859375001 0.8684210531250001 0.7192982453125001 0.8470394734375001 0.7631578953125 0.8338815796875 0.8596491234375 0.8371710531250001 0.926900584375 0.8782894734375001 0.9970760234375 0.960526315625 0.9970760234375 0.9983552625 0.9415204671874999
0 0.76644736875 0.847953215625 0.79605263125 0.8450292390625 0.820723684375 0.8245614031249999 0.8388157890624999 0.7865497078125 0.8421052625 0.7134502921875 0.8305921046875 0.69298245625 0.8388157890624999 0.6754385968750001 0.8338815796875 0.66959064375 0.8371710531250001 0.60233918125 0.8174342109375001 0.5584795328125 0.787828946875 0.540935671875 0.758223684375 0.546783625 0.695723684375 0.6169590640625 0.680921053125 0.663742690625 0.679276315625 0.698830409375 0.6891447375 0.766081871875 0.73519736875 0.83040935625 0.76644736875 0.847953215625
0 0.5641447375 0.8391812859375 0.6118421046875 0.7923976609375 0.631578946875 0.7573099421875 0.6430921046875 0.698830409375 0.6299342109375 0.6169590640625 0.5888157890625 0.5526315796875 0.5822368421874999 0.5233918125 0.5526315796875 0.505847953125 0.5180921046875 0.5204678359375 0.4950657890625 0.546783625 0.46875 0.6081871343749999 0.4572368421875 0.6754385968750001 0.4572368421875 0.7134502921875 0.47039473750000005 0.754385965625 0.53125 0.8450292390625 0.5641447375 0.8391812859375
0 0.5197368421874999 0.5146198828124999 0.5493421046875 0.4912280703125 0.5740131578125001 0.4473684203125 0.6069078953125 0.3421052625 0.6118421046875 0.289473684375 0.600328946875 0.2368421046875 0.5756578953125 0.1900584796875 0.5411184203125 0.16081871406249998 0.524671053125 0.1578947375 0.47532894687500005 0.187134503125 0.44078947343749997 0.222222221875 0.42269736875 0.2514619890625 0.40460526249999995 0.30409356718749997 0.4013157890625 0.368421053125 0.40953947343749997 0.40935672500000003 0.48355263125 0.5087719296875 0.5197368421874999 0.5146198828124999
0 0.4375 0 0.4424342109375 0.014619882812500002 0.4375 0.0321637421875 0.44078947343749997 0.084795321875 0.45065789531249995 0.1169590640625 0.4786184203125 0.15204678437500002 0.506578946875 0.1578947375 0.5328947375 0.14912280625000002 0.5822368421874999 0.10233918125000001 0.5888157890625 0.084795321875 0.5970394734375 0 0.4375 0
0 0.6069078953125 0 0.600328946875 0.0204678359375 0.5921052625 0.0935672515625 0.5921052625 0.1403508765625 0.5986842109375 0.1666666671875 0.60855263125 0.1842105265625 0.6661184203125 0.23099415156249997 0.6858552625 0.22807017499999999 0.7236842109375 0.187134503125 0.7450657890625 0.1549707609375 0.7631578953125 0.10233918125000001 0.76644736875 0.0526315796875 0.756578946875 0 0.6069078953125 0
0 0.6513157890625 0.60233918125 0.6891447375 0.6052631578125001 0.7171052625 0.5877192984375 0.7467105265625 0.5438596484375 0.7615131578125001 0.48830409374999995 0.7615131578125001 0.43274853750000003 0.7483552625 0.3771929828125 0.7236842109375 0.33040935625 0.6891447375 0.30409356718749997 0.6529605265625 0.301169590625 0.618421053125 0.3333333328125 0.601973684375 0.36549707656249997 0.5888157890625 0.43567251406249996 0.587171053125 0.5 0.5970394734375 0.540935671875 0.625 0.5847953218749999 0.6513157890625 0.60233918125
0 0.7828947375 0.4239766078125 0.8174342109375001 0.43274853750000003 0.8503289468749999 0.42105263125 0.8733552625 0.39766081875000003 0.88980263125 0.3596491234375 0.8996710531250001 0.29239766093749997 0.8963815796875 0.233918128125 0.8733552625 0.17543859687500002 0.8470394734375001 0.14912280625000002 0.8174342109375001 0.1403508765625 0.7861842109375 0.15204678437500002 0.7467105265625 0.1959064328125 0.7302631578125001 0.2485380109375 0.7286184203125 0.301169590625 0.7368421046875 0.33918128593749997 0.758223684375 0.391812865625 0.7828947375 0.4239766078125
0 0.76644736875 0 0.76644736875 0.0087719296875 0.774671053125 0.0643274859375 0.79769736875 0.11403508749999999 0.8733552625 0.1578947375 0.9029605265624999 0.1461988296875 0.9342105265624999 0.0935672515625 0.9506578953125 0.043859648437499996 0.9490131578125001 0 0.76644736875 0
0 0.9983552625 0.42105263125 0.9983552625 0.055555556250000006 0.96875 0.061403509375 0.9440789468749999 0.084795321875 0.9276315796875 0.1111111109375 0.9046052625 0.1783625734375 0.9013157890624999 0.2368421046875 0.9177631578125001 0.336257309375 0.9375 0.3713450296875 0.9983552625 0.42105263125
0 0.8371710531250001 0.57894736875 0.8470394734375001 0.6286549703125 0.8766447375 0.6725146203125 0.90625 0.69298245625 0.9358552625 0.6959064328125 0.96875 0.68128655 0.9983552625 0.643274853125 0.9983552625 0.44444444375 0.98355263125 0.42690058437499995 0.9259868421874999 0.391812865625 0.883223684375 0.39766081875000003 0.8634868421874999 0.4239766078125 0.8486842109375001 0.470760234375 0.8486842109375001 0.5029239765625 0.8552631578125001 0.5204678359375 0.8388157890624999 0.540935671875 0.8371710531250001 0.57894736875
0 0.9802631578125001 0.68128655 0.9819078953125 0.7309941515625 0.9983552625 0.7748538015624999 0.9983552625 0.6549707609375 0.9802631578125001 0.68128655