0 0.8702104109375 0 0.9035225 0.054143396875000006 0.9241281984375 0.067494753125 0.9556431328125001 0.0517687171875 0.9502020218749999 0 0.8702104109375 0
0 0.8995436625 0.3152489203125 0.9251021484375 0.359113925 0.9911311921875001 0.389415040625 0.9566109890625001 0.060977253125 0.9514311890625 0.061521671874999996 0.9153816890625001 0.0839311515625 0.8895782859375 0.12078082500000001 0.8995436625 0.3152489203125
0 1 0.47379610625 0.9924216671874999 0.4016930875 0.98001284375 0.3998938875 0.9422367453125 0.42248483906249995 0.92290361875 0.471068140625 0.9394885828125 0.562427609375 0.9380666984375001 0.6153352062499999 0.9471179234375 0.65162493125 0.9703045734375 0.689532384375 0.985730471875 0.7034281609375 1 0.7030843859375 1 0.47379610625
0 1 0.7103597234375 0.9749347421874999 0.7169765203125 0.9478408640625 0.741548146875 0.9218104484375 0.8094558859375001 0.920597675 0.880962028125 0.9416126484375 0.9563387796875 1 0.9502020218749999 1 0.7103597234375
0 0.8066957484374999 0.7439694125 0.7742129578125 0.7504869125 0.7502496609375 0.7716260796875 0.710729059375 0.8440551171875 0.7056448640624999 0.8787271140625 0.7237883609375 0.9792330359375001 0.9096705375 0.95969603125 0.9051538765625 0.9167228625 0.879290671875 0.8201317343750001 0.86096120625 0.77861035 0.8066957484374999 0.7439694125
0 0.9306464671875 0.54473643125 0.9244032046875 0.5019447359375 0.9067189765625001 0.466562375 0.8432887843750001 0.41116074375 0.7881510765625 0.4014388484375 0.7690449640625 0.41896408437500005 0.7476626171875 0.4646593484375 0.73825296875 0.5246133328125 0.7646300015625 0.6925291312499999 0.7833955921875 0.7215909921875 0.8060505109375 0.7378303890625 0.8555722937500001 0.760556225 0.8790994624999999 0.751876578125 0.9060977359375 0.693177375 0.9248991312499999 0.6229260156249999 0.9306464671875 0.54473643125
0 0.8896559890625 0.2045650140625 0.8828809968750001 0.1401052625 0.8577586359374999 0.08378073750000001 0.8135301609375001 0.0449814484375 0.7596829265625 0.0475376 0.7235199203125 0.0854761125 0.7065586328125 0.140016965625 0.7055728734375 0.180465040625 0.74287704375 0.269646834375 0.7456671046875 0.312801475 0.75849415 0.351797765625 0.7769371234375 0.3777901171875 0.80822504375 0.3931221484375 0.833801434375 0.387330540625 0.8577647296875 0.366191371875 0.8777430921875 0.32374709375 0.886393996875 0.2731831171875 0.8896559890625 0.2045650140625
0 0.6838937953124999 0 0.687506225 0.0085723671875 0.73378391875 0.0502596953125 0.7708012734375 0.037058753124999996 0.7978951515625 0.012487128125 0.802305465625 0 0.6838937953124999 0
0 0.5016619921875 0 0.4987750390625 0.006684870312500001 0.5116020859375 0.0456811609375 0.534788734375 0.083588615625 0.5741600250000001 0.126001834375 0.5941204859375 0.1332141671875 0.6304926046875 0.1138742 0.66957708125 0.053904684375 0.6749838953125 0.0223022 0.6714805578124999 0 0.5016619921875 0
0 0.7372432140625 0.332307384375 0.7295003640625 0.258639096875 0.694245415625 0.1723453421875 0.6758024421875 0.1463529921875 0.6386894812499999 0.1254263578125 0.6030761078125 0.1353763140625 0.5749008671875 0.1662684375 0.5619424125 0.19245779062499999 0.55112878125 0.2556627625 0.5737478968749999 0.3712153796875 0.5846392296875 0.39179459843750003 0.6144096625000001 0.425906646875 0.651958746875 0.43437376250000004 0.6944785234374999 0.42369791250000005 0.7209271640625 0.3929872640625 0.7372432140625 0.332307384375
0 0.744687440625 0.635660184375 0.7362993546875 0.5558528734375 0.7173246515625 0.5081924640625 0.684214525 0.4589143296875 0.652603984375 0.4405127859375 0.61602275625 0.4412542078125 0.590332859375 0.4625748484375 0.56690129375 0.5053820734375 0.5593317515625 0.549625553125 0.56221741875 0.6269077734375 0.578061540625 0.6780006390625 0.6018934265625 0.722047115625 0.6489298640625 0.754344434375 0.6772007109375 0.7575798890625001 0.7115236078125 0.7353518828125 0.73852188125 0.67665268125 0.744687440625 0.635660184375
0 0.5262038859375 1 0.6988608359375 0.9818530234375 0.704222978125 0.9316347109375 0.693026928125 0.8583293671875 0.6686633125 0.7926148328125 0.6478485015625 0.76066493125 0.6025386640625 0.7281861390625 0.5625042328125 0.7292905078125 0.5416715203125 0.7469972171875 0.5020374109375 0.8349552859375 0.49382263281250005 0.873059740625 0.49562693593749996 0.9566624578124999 0.5102793484375 1 0.5262038859375 1
0 0.2493769171875 1 0.2366368578125 0.9838834109375 0.1925039890625 0.9792117015624999 0.172603484375 1 0.2493769171875 1
0 0.4398212640625 1 0.449331340625 0.9646317421875 0.4439603296875 0.8969210046875 0.42358164374999996 0.8525115812499999 0.358538359375 0.781762390625 0.32368372968750003 0.7823223390625 0.2925870203125 0.835245465625 0.2783201859375 0.8988133828124999 0.27765704687500004 0.9423309703125 0.28635454843749997 1 0.4398212640625 1
0 0.1550647640625 1 0.16455576249999998 0.9790457578125 0.16058873437500001 0.9080840359375 0.1361295125 0.8082419234374999 0.1088444234375 0.7645583921875 0.077556503125 0.7492263609375 0.026403725 0.7608095765625 0.024838434375 0.7625258046875001 0.049797978124999996 1 0.1550647640625 1
0 0.3051451515625 0.7222024109375 0.2995471265625 0.6855497390624999 0.27884582343750003 0.638070803125 0.2054921546875 0.5712984890625 0.17376810781250002 0.5684259796875 0.1446250109375 0.5901095671875 0.128745084375 0.6383299250000001 0.1396185171875 0.708565753125 0.135083953125 0.7152491984375 0.1456526671875 0.7327589031249999 0.1358247953125 0.7555158 0.1473434640625 0.8318906546875 0.17053011406250002 0.86979810625 0.1986874515625 0.888562596875 0.23008887968749997 0.8883655921875 0.2609585765625 0.866500534375 0.302205778125 0.7938900234374999 0.3051451515625 0.7222024109375
0 0.5398493156249999 0.7130511109375 0.535655271875 0.6731474562499999 0.5161488375000001 0.603818990625 0.4817482375 0.5422628046875 0.4546722609375 0.5171778203125 0.4168005578125 0.5056411921875 0.3876574609375 0.5273247796875 0.38397724375000003 0.5587457921875 0.34790984375 0.6308118828125 0.34313036406249997 0.718210003125 0.361668940625 0.7783299328125 0.38625957187500004 0.8129864 0.4414928859375 0.856835875 0.47667013437500005 0.8593454390625 0.5305531718750001 0.7574760640625 0.5398493156249999 0.7130511109375
0 0.560484725 0.344678609375 0.5499339125 0.277512290625 0.52513416875 0.22425727968750003 0.5029153765625 0.1955583609375 0.462785340625 0.16253515000000002 0.4077611390625 0.1372842203125 0.3908177515625 0.1421684640625 0.35778532812499997 0.1766745171875 0.33704821875 0.22850880468749998 0.3307691546875 0.2850303328125 0.34175609218749997 0.3397371296875 0.387902375 0.446610103125 0.4186406640625 0.48993068749999996 0.4523004234375 0.51122026875 0.48964039687499994 0.5010888375 0.5563683828125 0.38855914375 0.560484725 0.344678609375
0 0.4737961109375 0 0.3218130078125 0.0159740671875 0.33235825 0.06762386875000001 0.341200365625 0.0853150484375 0.3981602796875 0.12898305000000002 0.42675374374999997 0.1352880171875 0.455460715625 0.12606395312500002 0.4809415 0.0861447671875 0.487752296875 0.051291296875 0.48558133281250004 0 0.4737961109375 0
0 0.20206866406250001 0.18993757656250002 0.24629713749999999 0.228736865625 0.2673389625 0.22962870156249998 0.32260808124999996 0.17416495468749998 0.331031971875 0.15465904375 0.3350348046875 0.1263075421875 0.32987290625 0.0771953515625 0.3165141296875 0.0165310015625 0.143854078125 0.0346783046875 0.1423365890625 0.0534583234375 0.1512743078125 0.10527708124999999 0.1760740515625 0.15853209375 0.20206866406250001 0.18993757656250002
0 0.3798967078125 0.503313103125 0.37107249531250003 0.4359653109375 0.3495168421875 0.3637488078125 0.32870203125 0.3317989046875 0.28889461562499996 0.30184520625 0.251232021875 0.308907125 0.21787697968750003 0.34034366718750003 0.19713987187499998 0.3921779546875 0.189456825 0.4519504671875 0.19558657968749998 0.510271196875 0.21725574062500003 0.5669586671875 0.2531738296875 0.60973483125 0.28446175 0.6250668625 0.32385094375 0.617823471875 0.3495408390625 0.59650283125 0.3740537671875 0.547375109375 0.3798967078125 0.503313103125
0 0.20947099218749998 0.31019296406249997 0.2019372546875 0.25512322187500003 0.1788641125 0.2016867359375 0.1325864203125 0.15999940937499998 0.0984905359375 0.151169346875 0.06837958281249999 0.1636443984375 0.043657542187499995 0.19417357500000001 0.0259375078125 0.25810443906249997 0.028936681250000002 0.3198576234375 0.046716515624999996 0.38936756250000004 0.0681765640625 0.4274564890625 0.094929921875 0.4494719625 0.13075240625 0.45812055 0.1660431609375 0.4451010796875 0.1883933625 0.40861435156250003 0.20503203281250001 0.3510039875 0.20947099218749998 0.31019296406249997
0 0 0.1541974390625 0.0093525453125 0.16674496875 0.0417218296875 0.175756503125 0.116306171875 0.1213660625 0.13499406249999998 0.0666437359375 0.136311559375 0.03547105625 0 0.049797978124999996 0 0.1541974390625
0 0 0.402128059375 0.0147833578125 0.3678965078125 0.0210803265625 0.26171836875 0.0111747515625 0.20069107343749998 0 0.1766179671875 0 0.402128059375
0 0 0.52620389375 0.0228220671875 0.7433413546875001 0.0354728546875 0.7474426890625 0.06622904375000001 0.7411066625 0.0950495234375 0.7163535640625 0.1212890515625 0.66704436875 0.12616413437500001 0.6137738265625 0.1202434921875 0.5740516437500001 0.10071915625000001 0.554379790625 0.10568984687500001 0.5352368265624999 0.102141040625 0.50147219375 0.08143973593750001 0.4539932578125 0.057816960937499995 0.42854532812499996 0.012280109375 0.4271246015625 0 0.436500996875 0 0.52620389375