0 0.11572555312499999 0 0.0930463453125 0.039865046875 0.095212196875 0.0943216328125 0.1180702140625 0.138624615625 0.1534952671875 0.1724902578125 0.213675046875 0.1963441640625 0.2583632546875 0.197904709375 0.287180546875 0.188034840625 0.32062941718750004 0.162012425 0.34321829375 0.097544103125 0.35597500000000004 0.0816752890625 0.3654278265625 0.043938721874999996 0.3571675078125 0 0.11572555312499999 0
0 0.0171556125 0 0.014340253124999999 0.0806213328125 0.026527946875000003 0.0810469359375 0.0307801828125 0.07575733125 0.051093003125 0.076466671875 0.055345239062499996 0.0711770671875 0.0675329328125 0.0716026703125 0.07584773125 0.066454934375 0.076037403125 0.0610234625 0.0845418734375 0.0504442546875 0.0901218078125 0.007134346875 0.09437404375 0.00184474375 0.0944384640625 0 0.0171556125 0
0 0.0952916671875 0.20852441093750002 0.09491232499999999 0.21938735468749998 0.12164323437499999 0.2692636765625 0.13770382187500002 0.27526262031250004 0.1684972953125 0.32528080937500004 0.196745575 0.3317053578125 0.1978836015625 0.2991165265625 0.21527188593750002 0.267095165625 0.22434537031250001 0.24022154218749997 0.24579621875000002 0.20834205 0.24192332656249999 0.20276871093749999 0.20536024687499999 0.2014919 0.2014873546875 0.195918559375 0.16124105312499998 0.1836369375 0.12949922187500001 0.1607761078125 0.1062618640625 0.12733606875 0.098136734375 0.1270523328125 0.097567721875 0.1433467484375 0.0933154859375 0.1486363515625 0.0914187734375 0.202951071875 0.0952916671875 0.20852441093750002
0 0.0848110140625 0.1592155609375 0.0855697 0.137489671875 0.089821934375 0.1322000671875 0.0861387125 0.1211952578125 0.0867077265625 0.104900840625 0.08283483281250001 0.0993275015625 0.08340384687499999 0.0830330859375 0.0754683890625 0.07731787812499999 0.0712161546875 0.0826074828125 0.042778203125000004 0.0816144078125 0.03852596875 0.0869040125 0.014008329687500001 0.0901264078125 0.010167487499999999 0.2001137140625 0.0670433875 0.20209986406249997 0.08017943749999999 0.1753681078125 0.0805587796875 0.1645051640625 0.0848110140625 0.1592155609375
0 0.3639344390625 0 0.370249075 0.022354701562500003 0.369490390625 0.044080590625 0.3764774921875 0.07695315625 0.395841959375 0.10481985468749999 0.423710896875 0.122107346875 0.46820943281250005 0.129099365625 0.4846493609375 0.12423536406249999 0.5389800671875 0.08262787187500001 0.5781985421875 0.007864076562499999 0.579200725 0.002460978125 0.50872753125 0 0.3639344390625 0
0 0.6261906296874999 0.031292378125 0.638378321875 0.03171798125 0.6422512171875 0.037291321875 0.67475173125 0.0384262640625 0.6790039671875 0.0331366609375 0.691191659375 0.0335622640625 0.7037586953125 0.023124924999999998 0.7118838234375 0.0234086609375 0.72038829375 0.0128294515625 0.720577965625 0.0073979796875 0.5885446234375 0.002787275 0.590386234375 0.008289679687499999 0.60625715 0.019720095312499998 0.614382278125 0.02000383125 0.6261906296874999 0.031292378125
0 1 0.0171556125 0.7298110656250001 0.007720407812500001 0.7312482890625 0.051275359374999996 0.738235390625 0.084147925 0.750043740625 0.0954364734375 0.7570308421874999 0.12830904062499998 0.7800785296875 0.16718055 0.8317538390625 0.2016136640625 0.888629740625 0.2035998140625 0.9553378109375 0.1569864546875 0.9978601656249999 0.1040904140625 0.9984291796875 0.087795996875 1 0.08425744375000001 1 0.0171556125
0 1 0.1551032640625 0.97158806875 0.157553925 0.9381391984375 0.18357634218750002 0.90837355 0.2206035703125 0.8994897359375 0.242045721875 0.8931511171875 0.307081515625 0.8885195390625 0.3232340640625 0.8802047390625001 0.3283818 0.8879505265625 0.3395284796875 0.8906853921875 0.37769065 0.9017350578125001 0.410705084375 0.9247827453124999 0.44957659687499996 0.97163680625 0.5055937296875 0.9917599562499999 0.511734540625 0.9960121921875 0.5064449359375 0.9999988875 0.50875939375 1 0.5087275359375 1 0.1551032640625
0 0.5911141875 0.2204008203125 0.602163853125 0.25341525468750004 0.6254012125 0.2868552921875 0.6654578437499999 0.3045683875 0.7128809171875 0.3442911046875 0.7283724890625 0.3665844640625 0.7405601828124999 0.3670100671875 0.79044898125 0.33612365 0.824087521875 0.3046697625 0.8370339 0.283369478125 0.8393099546875 0.218191815625 0.7796991875 0.17804349531250002 0.7487160421875 0.1334567765625 0.7494747281249999 0.11173088906249999 0.7339831546875 0.08943752968749999 0.72331283125 0.0455601515625 0.7113148093749999 0.039703075 0.6782452812499999 0.054862548437500006 0.661236340625 0.0760209640625 0.639216478125 0.124194871875 0.6098301703125 0.15035915625000001 0.59263155625 0.1769490453125 0.5911141875 0.2204008203125
0 0.4452104828125 0.43826765781250004 0.436516340625 0.4542783390625 0.4564498203125 0.46585062187500004 0.48914000468749996 0.46155409374999995 0.5161707875 0.38636469375 0.5378113078125 0.34905373125 0.5927110265625 0.291151821875 0.5890278046875 0.280147009375 0.5932800406250001 0.2748574046875 0.5826097171875 0.230980028125 0.5479433499999999 0.17538849843749998 0.5198847421874999 0.163532478125 0.4833216625 0.1622556671875 0.46688173437499997 0.16711966875 0.441368321875 0.19885729218749998 0.44023029375 0.23144612343749998 0.455342525 0.2646024265625 0.461286434375 0.3273480890625 0.46024324375000003 0.357221184375 0.44634850937500004 0.405678828125 0.4452104828125 0.43826765781250004
0 0.1992907703125 0.375299 0.2103404359375 0.408313434375 0.22970490156249998 0.4361801328125 0.2693821890625 0.46475617187499996 0.2848737609375 0.48704953125 0.3371180828125 0.5051882296875 0.36980826875 0.5008917 0.40731970625 0.4750111515625 0.43283311874999997 0.4432735265625 0.428960225 0.43770018750000006 0.4420962734375 0.41096843125 0.448245221875 0.351364109375 0.4569393640625 0.3353534296875 0.4472173953125 0.2643186921875 0.420296815625 0.21987384062499998 0.380809196875 0.1858663296875 0.3484983546875 0.179299915625 0.31580816875 0.18359644375 0.28254896875 0.20418738906249997 0.2662987125 0.2036199171875 0.2411646421875 0.224494596875 0.2017564953125 0.3046898640625 0.1992907703125 0.375299
0 0.3453841453125 0.1520006875 0.34500480312500004 0.1628636328125 0.37325308281249997 0.1692881796875 0.41293037187500004 0.1978642171875 0.4216245140625 0.1818535375 0.42549740625 0.1874268765625 0.4258767484375 0.176563934375 0.45488371250000004 0.1612625921875 0.45932561875 0.1505415171875 0.46764041875 0.1453937796875 0.467830090625 0.139962309375 0.4597049609375 0.1396785734375 0.45583206875000004 0.134105234375 0.43551924687500004 0.13339589375 0.431646353125 0.12782255468749998 0.41945866093750006 0.1273969515625 0.41152320312499996 0.12168174375 0.376287821875 0.0823846296875 0.368921378125 0.0603750046875 0.33782803125 0.1354225375 0.3453841453125 0.1520006875
0 0.5372730265625 0.13151111875 0.5370833546875 0.136942590625 0.5452084828125 0.1372263265625 0.5488917046874999 0.1482311375 0.5608897265625 0.1540882125 0.5765709703125 0.17095010156249998 0.5846961 0.1712338359375 0.6185243125000001 0.13434847656249999 0.62296621875 0.12362740000000001 0.6270287828125001 0.12376926875000001 0.6272184546874999 0.11833779687499998 0.6357229249999999 0.1077585890625 0.6440377265625 0.102610853125 0.6484796328125 0.0918897765625 0.6490486468750001 0.0755953609375 0.6533008828125 0.07030575624999999 0.64980733125 0.0538694734375 0.63374674375 0.0478705296875 0.6298738515625 0.042297190624999995 0.621748721875 0.0420134546875 0.6178758296875 0.0364401140625 0.6097507 0.036156378125 0.5900068921875 0.019152625 0.5818817640625 0.018868889062499998 0.5733772921875 0.0294480953125 0.568745715625 0.045600643749999996 0.5515471015625 0.07219053125 0.55135743125 0.077622003125 0.534538159375 0.0933489484375 0.525654346875 0.1147911 0.5215917828125 0.11464923125 0.5214021109375 0.12008070312500001 0.5295272390625 0.12036443906250001 0.5372730265625 0.13151111875
0 0 0.5480175328125 0.0465896328125 0.5548618000000001 0.0794694890625 0.5451338 0.1434426953125 0.46035826875 0.15657874375 0.4336265109375 0.1662212421875 0.390458471875 0.167169596875 0.36330111249999997 0.15262638125 0.31385039375 0.129009678125 0.29127329999999996 0.1007614 0.284848753125 0.0970781765625 0.273843940625 0.10539297656249999 0.2686962046875 0.10133041250000001 0.2685543375 0.10170975468750001 0.25769139218750003 0.066284703125 0.2238257515625 0.034163531250000004 0.21182786562499997 0.0097881453125 0.2109766578125 0 0.49127247812499997 0 0.5480175328125
0 0 0.9828443874999999 0.07223125312499999 0.9853667578125 0.0743176359375 0.9256205671875 0.07025507187499999 0.9254786984375001 0.06657185 0.9144738890624999 0.0625092859375 0.9143320203125 0.0547634984375 0.9031853406250001 0.038892584375 0.8917549250000001 0.0234010109375 0.8694615671875001 0.0023295046875 0.8904781140625 0 0.890396765625 0 0.9828443874999999
0 0 0.6940217703125 0.0141685875 0.6679296359375 0.0182311515625 0.668071503125 0.030987859375 0.652202690625 0.0391129875 0.6524864265625 0.05186969375 0.6366176140625 0.05999482187500001 0.63690135 0.076624421875 0.626605878125 0.081066328125 0.6158848031249999 0.0818250140625 0.5941589140625 0.0779521203125 0.588585575 0.0783314625 0.57772263125 0.0742688984375 0.5775807640624999 0.06652311250000001 0.566434084375 0.06671278281250001 0.5610026109375 0.058587654687500004 0.5607188765625 0.054335418749999996 0.5660084796875 0.0504625265625 0.560435140625 0.0017117546875 0.558732725 0 0.5574999 0 0.6940217703125
0 0 0.812351421875 0.0431448203125 0.8864653203125 0.086884671875 0.915183228125 0.1232580796875 0.9218915109375001 0.135825115625 0.9114541703124999 0.13233156562499998 0.8950178859375001 0.1582243203125 0.85241731875 0.15955201875 0.8143970156250001 0.16843583125 0.7929548640624999 0.170142871875 0.7440716171874999 0.13084492812499998 0.704632634375 0.115543025 0.676907803125 0.1076075671875 0.671192596875 0.086915403125 0.6813462 0.0793592875 0.6647680499999999 0.0921159953125 0.6488992375 0.08030764375 0.6376106890625 0.0681199515625 0.6371850859375 0.055742587499999996 0.6421909546875 0.026166609375 0.6737867093750001 0.018041481249999998 0.6735029734375 0.013409903125 0.689655521875 0 0.706336884375 0 0.812351421875
0 0.16057984375 0.9014424328124999 0.1565172796875 0.9013005656249999 0.1352561015625 0.927748584375 0.09850335 0.931903246875 0.0899988796875 0.9424824546874999 0.0890505234375 0.9696398140625 0.0847982890625 0.9749294171875 0.08441894531250001 0.9857923625 0.21442100625 0.9903321343749999 0.182868846875 0.9620398328125 0.175502403125 0.9400302078125 0.1638837234375 0.9233101890625001 0.16057984375 0.9014424328124999
0 0.376275096875 0.8980984859375001 0.378740821875 0.8274893531249999 0.32064742343749997 0.74388925625 0.2844636859375 0.7317495015625 0.2802114515625 0.7370391046875 0.2477109375 0.7359041625 0.21057884375000002 0.7509217671874999 0.17675063124999998 0.787807128125 0.16748747656250002 0.8201122234374999 0.1609591859375 0.8905794890625 0.168135959375 0.9180205859375 0.19099397499999998 0.9623235671874999 0.222546134375 0.9906158703125 0.3119225484375 0.9937369625000001 0.345561090625 0.962283075 0.3627597046875 0.9356931859375001 0.36332871875 0.919398771875 0.376275096875 0.8980984859375001
0 0.0914675109375 0.550990875 0.09401270625 0.5945845171874999 0.1128081578125 0.6387456328125001 0.1207436171875 0.6444608406250001 0.1275410484375 0.682764878125 0.1505887359375 0.7216363890624999 0.17864734375 0.7334924078125 0.23571291562500002 0.7300470859375 0.26878244218749997 0.714887615625 0.3066732203125 0.6781441218750001 0.3153673625 0.6621334421875 0.31688473125 0.6186816671875001 0.32652722968750003 0.5755136281250001 0.34429485625 0.5326293234375 0.328803284375 0.510335965625 0.2804318546875 0.49777060625 0.27287573906249996 0.4811924546875 0.21732753749999997 0.4411860015625 0.213644315625 0.4301811890625 0.18520636562499998 0.42918811406249996 0.1643245296875 0.44477319218750005 0.10035132499999999 0.5295487234375 0.0914675109375 0.550990875
0 0.32519953125 0.61353393125 0.3260376859375 0.7060108203125 0.3407705734375 0.7500300671875 0.3874349640625 0.811478671875 0.46037144999999996 0.819463765625 0.476811378125 0.8145997656249999 0.48125328593749994 0.803878690625 0.4976932140625 0.7990146890625 0.5106395921875 0.7777144046875 0.5315214265625 0.7621293296875 0.5405949109375 0.7352557046875 0.557603853125 0.7140972890625 0.5672463515625 0.67092925 0.564511484375 0.6327670796875 0.557145040625 0.6107574546875 0.4794975078125 0.5047221328125 0.41468615 0.497020775 0.3647973484375 0.5279071906249999 0.339094265625 0.5650762874999999 0.32519953125 0.61353393125
0 0.5073112875 1 0.5368809578125 0.9580879203125001 0.5383983265625 0.9146361453124999 0.5308422109375 0.89805799375 0.5153506390625 0.8757646359375 0.5033526171875 0.8699075593750001 0.476242365625 0.83089418125 0.39499107968749997 0.8280568234375 0.39111818593750003 0.822483484375 0.38686595 0.8277730875 0.3801479890625 0.9036718265625 0.367011940625 0.9304035828125 0.36663259843749996 0.9412665265625 0.349433984375 0.9678564140624999 0.33261471249999996 0.9835833578125 0.3322353703125 0.9944463015625 0.4912724796875 1 0.5073112875 1
0 0.48087394375 0.8147416328125001 0.48455716562499995 0.8257464453125 0.5116674171875 0.8647598234375 0.527728003125 0.8707587671875 0.5511550328125 0.8987673328125 0.5832762046875 0.9107652203125 0.5999058046875 0.900469746875 0.6211669843750001 0.874021728125 0.6501739468750001 0.8587203875 0.671245453125 0.8377038390625 0.701580115625 0.7843821953125001 0.7106536 0.757508571875 0.7117916265625001 0.7249197406250001 0.701121303125 0.6810423625 0.689502625 0.6643223421875 0.6366892890625 0.6624780593749999 0.5726366140625 0.633050815625 0.56572898125 0.714381025 0.5226376125 0.78357148125 0.48087394375 0.8147416328125001
0 0.5011380265625001 0.46741116875 0.507556115625 0.5165781515625001 0.5459057046875 0.5831744921875 0.5929494359375 0.6337601546875 0.633006065625 0.6514732484375 0.6776942734375 0.6530337937499999 0.7150160375 0.63258471875 0.74052945 0.6008470953125 0.7546138546875001 0.5469579796875 0.7565105671875 0.49264325937500003 0.7351699203125001 0.4048885015625 0.7043764453125 0.35487031406249997 0.6488282437499999 0.31486386093749996 0.616327728125 0.3137289171875 0.5751330703125 0.328604653125 0.524295915625 0.3866484296875 0.5011380265625001 0.46741116875
0 0.759624775 0.5199424875 0.74884425 0.5956993578125 0.764335821875 0.6179927171874999 0.7999505453125 0.6464268875 0.8401968468750001 0.658708509375 0.9061462328125 0.6338210359375 0.9314699750000001 0.607514884375 0.957742071875 0.5540513734375 0.9635116765625 0.50530999375 0.8972931515625 0.42142616093749996 0.890116378125 0.3939850671875 0.8746248046874999 0.37169170625 0.860271259375 0.3168095171875 0.8399584375 0.316100178125 0.8066992390625 0.336691121875 0.7732503671875001 0.3627135390625 0.7517995187500001 0.39459303125 0.7471679421874999 0.41074557812499995 0.757458921875 0.4654859015625 0.759624775 0.5199424875
0 0.713119325 0.6868994374999999 0.7125503125 0.7031938531249999 0.71991675625 0.7252034765625 0.7276625421875 0.73635015625 0.735598 0.7420653625 0.7559108218749999 0.7427747015625 0.7597837140625 0.7483480421875 0.76403595 0.7430584375 0.772161078125 0.7433421734375 0.7806655499999999 0.7327629671875 0.7939912687499999 0.7005997374999999 0.8065583046875 0.6901623984375 0.8067479765625001 0.6847309265625 0.8237569171875 0.663572509375 0.8076963312500001 0.657573565625 0.8038234390625 0.652000228125 0.795698309375 0.6517164921874999 0.7879525234375 0.6405698125 0.7680190453125 0.628997528125 0.7484649078125 0.606562303125 0.74440234375 0.606420434375 0.7188889296875 0.6381580578125 0.70225933125 0.64845353125 0.7016903171875 0.6647479453125 0.713119325 0.6868994374999999
0 0.974371671875 0.5437559000000001 0.9937361375 0.5716226 0.997703865625 0.574480203125 0.9996954140625001 0.5174497484375 0.9753200281250001 0.516598540625 0.9710677921875 0.5218881453125 0.9706884499999999 0.5327510890625 0.974371671875 0.5437559000000001
0 0.8846953843750001 0.665700528125 0.8479426328124999 0.6698551890625 0.8146834328124999 0.690446134375 0.793232584375 0.7223256265625 0.7745166015625 0.7923672890625 0.7776308109375 0.8196665171875 0.7999198140625 0.8802639140625 0.83515519375 0.919561028125 0.8831472828125 0.9429893312500001 0.9444650890625 0.9342544046875 0.9777242890625001 0.9136634593749999 0.9863371437499999 0.8999805515625001 0.99324659375 0.70211979375 0.9855008078124999 0.6909731125 0.9299526046875 0.650966659375 0.9055772187500001 0.650115453125 0.8846953843750001 0.665700528125
0 0.9828443874999999 1 0.9857071640624999 0.9180208000000001 0.9730927109374999 0.9298160078125 0.9398335124999999 0.950406953125 0.9353916046874999 0.961128028125 0.9270768046875 0.9662757640624999 0.8799779734375001 0.9755072281249999 0.85763386875 0.9747269546874999 0.8496984109374999 0.9690117468749999 0.8288165749999999 0.9845968234375 0.819454478125 1 0.9828443874999999 1
0 0.8078083406250001 1 0.804061846875 0.994608559375 0.817766909375 0.9515823875 0.8138940171875 0.94600905 0.814842371875 0.9188516890624999 0.7726198906249999 0.8466820078125 0.744940625 0.8239630453125001 0.7205652390624999 0.8231118374999999 0.7039356390625 0.833407309375 0.691747946875 0.83298170625 0.65385716875 0.8697251984375001 0.6205979703125 0.89031614375 0.60339935625 0.9169060312499999 0.5989574484375 0.9276271078124999 0.5964917234375 0.9982362421875 0.597717353125 1 0.8078083406250001 1
0 0.946961546875 0.62980824375 0.954327990625 0.6518178671875 0.9777550203125 0.6798264328125 0.9897530421875 0.685683509375 0.9935627125 0.6930673374999999 0.9967238984375 0.602542809375 0.99278778125 0.5987799593750001 0.9806000890625001 0.5983543546875 0.9558453609375 0.6083660921875 0.946961546875 0.62980824375