0 0.9643685765625 0.7850326421875 0.934701528125 0.7475453937500001 0.8950895328125 0.7221797828125001 0.83395811875 0.7107690234375 0.791518384375 0.7174908171875 0.7661408078124999 0.7320567421875 0.7393493609374999 0.7626663703125 0.7298357265625001 0.8274522515625 0.7207055421875 0.8447180984375 0.7186925671875 0.8819497125 0.7384146687500001 0.9315585984375 0.7609974484375 0.9648946281249999 0.9524585171875 0.9345701734375 0.9508289921875 0.9242817531249999 0.9575148875 0.8915832765625 0.9763743625 0.8358636703125001 0.9643685765625 0.7850326421875
0 0.9434004 0.6776153015624999 0.9417708734374999 0.66732688125 0.9074309046875 0.6253064953125 0.8911835124999999 0.6226065734375 0.8529853859375001 0.5811972609375 0.8251635203125 0.5803305546875 0.830052096875 0.6111958140625 0.81950804375 0.6445053640625 0.8158655421875001 0.671448559375 0.8014633312500001 0.7053691796875 0.8061362515624999 0.7099023171875001 0.8408596703125 0.70440266875 0.845532590625 0.7089358078125 0.8857436921874999 0.71311350625 0.9198680046875 0.7288017703125 0.9479055265625 0.7560005984375 0.9556218421875 0.7547784531249999 0.953177553125 0.7393458234375 0.9562209484374999 0.7335905406250001 0.9480733203125 0.6821484390625 0.9434004 0.6776153015624999
0 1 0.6739240609375 0.971222265625 0.67848200625 0.96372160625 0.7060362734375001 0.9653511328125 0.7163246937500001 0.9623077375 0.7220799765625 0.9655667890625 0.7426568171875 0.96252339375 0.7484120984375 0.9680110781250001 0.758089446875 0.9704553656250001 0.7735220765624999 0.9751282859374999 0.7780552140625 0.9775725749999999 0.7934878453125 0.986103653125 0.7974099125 0.9891470468750001 0.791654628125 1 0.7899356890625 1 0.6739240609375
0 0.539350853125 1 0.750180828125 0.9666078125 0.7180934609375 0.9031376265625 0.714834409375 0.882560784375 0.7022295171875 0.85291766875 0.678864915625 0.8302519796875 0.6494135234375 0.8190968546875 0.606159028125 0.8206744359375 0.5915411609375 0.8282629359375001 0.5479032140625 0.877360553125 0.5245864765625 0.9548791453125001 0.5249560093750001 1 0.539350853125 1
0 0.5190937734375 1 0.51953010625 0.9978660421875001 0.5154562921875 0.9721449921875 0.5184996859375001 0.966389709375 0.513012003125 0.9567123609375001 0.495949846875 0.9488682296875 0.48823353125 0.9500903734374999 0.47502953437500006 0.9416351703125001 0.4634550609375 0.9434683875 0.458782140625 0.9389352484375 0.42791687968750003 0.943823825 0.4248734859375 0.9495791078125 0.4132990125 0.9514123250000001 0.403354065625 0.9635339593750001 0.39563775 0.9647561046875 0.38955096093749997 0.9762666687499999 0.3933099515625 1 0.5190937734375 1
0 0.3851570203125 1 0.385093696875 0.9980656531250001 0.37227314843750003 0.942090415625 0.35966825625 0.9124472984375 0.3464642578125 0.9039920953125 0.333859365625 0.874348978125 0.3050070796875 0.8420059406249999 0.24996245468749997 0.81908461875 0.1959482484375 0.8276396281249999 0.1415505921875 0.8837146734375001 0.11111664531250001 0.9412674953125 0.11356093281249999 0.956700125 0.1035714296875 1 0.3851570203125 1
0 0.152909409375 0.8555493328124999 0.17421317187500002 0.8152623578125 0.1786704359375 0.7934633718749999 0.17275143906249998 0.7311217796875 0.1741653078125 0.7150780765625 0.1810668609375 0.7087117234375 0.1717210203125 0.699645446875 0.162159521875 0.6642470484375 0.145696471875 0.635215003125 0.1168441875 0.6028719671875 0.0623986671875 0.5587627296875 0.0422931171875 0.55667388125 0.039249721875 0.5624291625 0.018329409375 0.5551961046875 0.0035485890625000004 0.561755759375 0.0550416 0.8868698390624999 0.0597145203125 0.8914029765624999 0.0844929921875 0.8980249640625001 0.1261179625 0.8861589609375 0.152909409375 0.8555493328124999
0 0.4735199375 0.7573103109375 0.4570568875 0.7282782671875 0.429019365625 0.7010794390624999 0.3879935015625 0.6917575296875 0.3359922703125 0.663080925 0.3173005875 0.644948371875 0.305726115625 0.6467815890625 0.26431680156250004 0.684979715625 0.2383401171875 0.720733553125 0.230024696875 0.7431436109375 0.23980185 0.8048741312500001 0.3033775546875 0.8317175203125 0.3407609171875 0.867982625 0.34401996874999996 0.8885594640625 0.36271165 0.9066920156249999 0.3808042265625 0.94601248125 0.39319346093749996 0.9493234734374999 0.421614434375 0.9290022671875 0.4337880125 0.9059811390625001 0.445745934375 0.8566278859375 0.4686792234375 0.82662933125 0.48003804062500005 0.7984639921875 0.4735199375 0.7573103109375
0 0.57129201875 0.5256212437500001 0.5765640453125 0.50896646875 0.55564373125 0.5017334109375 0.5255932343749999 0.511766196875 0.51385096875 0.587451571875 0.5002635203125 0.626516403125 0.4590698625 0.691046653125 0.4645575453125 0.700724 0.4615141515625 0.7064792828125 0.47960672656250003 0.7457997468750001 0.5224777734375 0.7917422000000001 0.5511144015625 0.7977531140624999 0.5858378203125 0.7922534640625 0.6004556875 0.784664965625 0.61871605625 0.7501332734374999 0.6138274796875 0.7192680124999999 0.593506271875 0.690847040625 0.5764201843750001 0.63291076875 0.5719389890625 0.6046176125 0.5761805953125 0.5564865046875 0.57129201875 0.5256212437500001
0 0.814787259375 0.539787946875 0.798324209375 0.5107559015625001 0.7749596078125001 0.48809021093749994 0.7323042171874999 0.46847988125000006 0.7136125359375 0.45034732968749996 0.6610121984374999 0.4428586375 0.6309617015625 0.45289142499999996 0.600312096875 0.48411212499999995 0.582051728125 0.51864381875 0.5867246484375 0.52317695625 0.579223990625 0.5507312234375 0.5843282249999999 0.60792860625 0.579056196875 0.62458338125 0.6012225875 0.6896248953125 0.63474779375 0.726501071875 0.6782179453125 0.7512556109374999 0.70989796875 0.75151124375 0.7399484671875001 0.7414784578125 0.7675546765625 0.7160130390624999 0.78298730625 0.7135687500000001 0.8028772015625 0.689325478125 0.8253791765624999 0.6066626765625001 0.814787259375 0.539787946875
0 0.7178299406249999 0.7766212234375 0.716200415625 0.766332803125 0.68837855 0.7654660984375 0.645723159375 0.74585576875 0.6404511328125 0.7625105421875 0.6357782125 0.7579774046875001 0.6374077375 0.7682658250000001 0.6128449234375 0.787975959375 0.6106162921875 0.798875453125 0.6037147390625 0.80524180625 0.6045295015625001 0.8103860171875 0.6122458171875 0.8091638734375 0.6169187375 0.8136970109374999 0.636209525 0.81064165 0.6408824453124999 0.8151747874999999 0.65245691875 0.8133415703125 0.660987996875 0.8172636375 0.7014147546875 0.847773459375 0.7123901218750001 0.8671281546875 0.7279905453125 0.790831709375 0.7178299406249999 0.7766212234375
0 0.5405703484375 0.8310626624999999 0.5397555859375001 0.825918453125 0.5320392703125 0.8271405968750001 0.5265515875 0.8174632484375 0.5141623515625 0.8141522562500001 0.49628543281250004 0.8011639140625 0.48856911875 0.8023860578124999 0.463407196875 0.8432841046874999 0.46117856562500004 0.8541835984375 0.45732040781250005 0.8547946703125 0.45813517031249995 0.8599388796874999 0.45204838125 0.8714494453125001 0.44514682812500006 0.8778157984374999 0.442918196875 0.8887152921875 0.4453624859375 0.904147921875 0.442319090625 0.909903203125 0.44862153749999995 0.9247247625 0.46486892968750004 0.9274246843749999 0.46954185 0.931957821875 0.477258165625 0.930735678125 0.4819310859375 0.935268815625 0.48964740156250003 0.9340466703124999 0.511382478125 0.946423940625 0.5190987921875 0.945201796875 0.5251855828124999 0.9336912328125001 0.5265994515625 0.9176475296875 0.5379582671875001 0.889482190625 0.5371435046874999 0.8843379812500001 0.550131846875 0.8664610625 0.554589109375 0.8446620765624999 0.5584472671875 0.8440510046874999 0.5576325046874999 0.8389067953125 0.5499161890625001 0.8401289390625 0.5405703484375 0.8310626624999999
0 1 0.4606491453125 0.9813511406250001 0.34290488125 0.97309165 0.34069755 0.9259789953125 0.3428862046875 0.8967432609375001 0.358063203125 0.8519071031250001 0.44953664531250004 0.84440644375 0.47709091406250004 0.84320823125 0.5194667390625 0.8472820453125 0.5451877890625 0.8700475421875 0.589041390625 0.8964555390625 0.6059517999999999 0.9242774046875001 0.6068185046875 0.9297650875000001 0.616495853125 0.9228635359374999 0.62286220625 0.92672169375 0.622251134375 0.9283512187499999 0.6325395546875 0.9679632140625 0.6579051671875 1 0.6632289015625 1 0.4606491453125
0 0.83665718125 0 0.8413393875 0.008256915625 0.8451975453125 0.0076458421875 0.8545433859375 0.016712118749999998 0.8716055421875 0.0245562515625 0.8902972234375 0.042688803125 0.9063289609374999 0.0190566015625 0.91018711875 0.0184455296875 0.9124157500000001 0.0075460375 0.9271965703125 0.0009863796875 0.9270403437500001 0 0.83665718125 0
0 0.915171421875 0.24967935156249998 0.9060412375 0.26694519687499996 0.8983249234375 0.2681673421875 0.88452181875 0.28090005156250003 0.8822931859375001 0.29179954375 0.8855522375 0.312376384375 0.8902251578125 0.316909521875 0.891854684375 0.3271979421875 0.8957128421875 0.3265868703125 0.9050586828125 0.33565314687500003 0.9058734453125 0.34079735625 0.9135897609375 0.3395752125 0.9166331546875 0.3338199296875 0.9213060750000001 0.3383530671875 0.9676039671875 0.3310202015625 0.9804005828125 0.3369033 0.961864525 0.219871234375 0.9488644203125001 0.21270336875 0.9480496578125001 0.207559159375 0.951093053125 0.201803878125 0.949463528125 0.19151545625 0.957542140625 0.192580771875 0.9547355546875 0.1748606828125 0.9543281718750001 0.17228857656250002 0.9358760796875 0.23058028749999998 0.9320179218750001 0.231191359375 0.9228877375 0.24845720624999998 0.915171421875 0.24967935156249998
0 0.7765654718749999 0.023789351562499998 0.78286791875 0.0386109109375 0.766237075 0.0834310234375 0.771940415625 0.1194404953125 0.7674831515625 0.1412394796875 0.7748160171875 0.1875373703125 0.8191009328125001 0.21743611875000002 0.8386073765625 0.24071288124999998 0.8471384546875 0.24463494687499998 0.8647997171874999 0.23129116718749998 0.8749603203125 0.245501653125 0.8658301375 0.2627675 0.8790341343750001 0.27122270312499996 0.8906086078125 0.2693894859375 0.9013683171875 0.262412059375 0.9234868437499999 0.2272692953125 0.931203159375 0.22604715 0.932617028125 0.21000344843750002 0.9508773968750001 0.1754717546875 0.9526986468749999 0.1620001578125 0.9457731624999999 0.11827437031250002 0.868562146875 0.030311532812500003 0.8220485999999999 0.011312275 0.78651041875 0.011667715625 0.7765654718749999 0.023789351562499998
0 0.5798936859375 0 0.5694231750000001 0.014411421875 0.558064359375 0.0425767609375 0.560508646875 0.058009392187499995 0.5521932265625 0.0804194484375 0.5627851421875001 0.147294178125 0.6328789484375 0.21529124843749997 0.6692318937499999 0.2200800203125 0.6722752875 0.2143247375 0.7031405484375 0.2094361609375 0.735419678125 0.18850388125 0.7605815984375 0.1476058328125 0.7634093375 0.11551842812499999 0.7566755781250001 0.048032625 0.7448854484375 0.023533718749999998 0.7262610890625 0 0.5798936859375 0
0 0.884354025 0.354752209375 0.8739777656250001 0.3142096 0.848168875 0.2761112796875 0.8396377968750001 0.2721892140625 0.8262181421875001 0.2374018875 0.79736585625 0.2050588484375 0.768729228125 0.19904793437499999 0.7155297843749999 0.2127471546875 0.6871088125 0.2330683609375 0.6580887328125 0.27457748125000003 0.65281670625 0.29123225625 0.659334809375 0.3323859375 0.658136596875 0.37476176250000004 0.64922206875 0.41835973125 0.6679137515625 0.436492284375 0.7158411671875 0.43944783750000005 0.726001771875 0.45365832343749996 0.7857193171875 0.48111278593750006 0.791207 0.4907901328125 0.818214103125 0.486512628125 0.8350606031250001 0.4680246375 0.8798967609374999 0.37655119375 0.884354025 0.354752209375
0 0.6524332578125 0.338752290625 0.6347241312499999 0.2519117921875 0.6127733984375 0.2132024 0.557513115625 0.163948953125 0.48725151718750004 0.1698040421875 0.47263365 0.177392540625 0.4704050171875 0.1882920328125 0.45578715000000003 0.19588053125 0.447471728125 0.21829058906249998 0.4306252296875 0.2367785796875 0.42698272812500004 0.26372177343750003 0.41480914999999996 0.286742903125 0.4136109375 0.329118728125 0.42317243437499996 0.3645171265625 0.43414780156250005 0.3838718234375 0.526791446875 0.469390371875 0.58933673125 0.4647574296875 0.6307460453125 0.426559303125 0.64819165 0.3868833984375 0.6524332578125 0.338752290625
0 0.4606491453125 0 0.41020829531249997 0.0079890453125 0.38971929375 0.0534202328125 0.39623739687500004 0.0945739125 0.406398 0.10878439843750001 0.4250896828125 0.1269169515625 0.43747891875 0.13022794375 0.4701893609375 0.161959909375 0.5473525125 0.1497384671875 0.5520254328124999 0.15427160625 0.555068828125 0.14851632343750001 0.54752030625 0.0758863109375 0.5550209640625 0.0483320421875 0.5533914390625 0.038043621875 0.5647502546875 0.009878284375 0.5719272484375 0 0.4606491453125 0
0 0.46877549218750003 0.17800361250000002 0.46328780937499997 0.168326265625 0.43057736562500004 0.13659429843749998 0.414329971875 0.1338943765625 0.3871072125 0.11183975937499999 0.3546124265625 0.10643991718750001 0.340809321875 0.119172625 0.32559234843749996 0.1479490359375 0.301029534375 0.16765917187499998 0.28499779687500004 0.191291371875 0.26613832187500003 0.24701097968750002 0.262495821875 0.2739541734375 0.2673843984375 0.3048194328125 0.2854769734375 0.34413989843750004 0.2994957359375 0.3577393125 0.349651784375 0.349795375 0.41545611875 0.365739271875 0.40709283437500005 0.2879650484375 0.43508249374999997 0.21497959375 0.46877549218750003 0.17800361250000002
0 0.5132039984375 0.5084552046875 0.4981548171875 0.4633794578125 0.44979608750000005 0.4077596578125 0.39616533125000003 0.36879463281249997 0.3551394671875 0.35947272343750003 0.312699734375 0.36619451718749996 0.2812353671875 0.39227100625 0.2629749984375 0.4268026984375 0.259548153125 0.480078015625 0.2676957828125 0.5315201187499999 0.3038809328125 0.610161046875 0.342079059375 0.6515703609375 0.4017966046875 0.6790248203125 0.432661865625 0.67413624375 0.468799153125 0.6525928921874999 0.506134653125 0.5886737171875 0.5132039984375 0.5084552046875
0 0.2597638109375 0.5064101390625 0.2560734453125 0.433169053125 0.2373817640625 0.4150365015625 0.19858453125 0.39481510000000003 0.15837343125 0.3906374015625 0.1007167234375 0.4261356046875 0.0816415921875 0.45552308906250005 0.066640275 0.510631621875 0.0701149828125 0.5575405859375 0.1479251046875 0.6243155109375 0.159715234375 0.6488144171875 0.178406915625 0.66694696875 0.2019871734375 0.7159447828125 0.2212779625 0.712889421875 0.24888417187499998 0.6874240031250001 0.2756756171875 0.6568143765625 0.290077828125 0.62289375625 0.2914916984375 0.606850053125 0.271769596875 0.5572411671874999 0.2597638109375 0.5064101390625
0 0.2730877390625 0.3408289046875 0.27064345 0.325396275 0.2596680828125 0.306041578125 0.2503222421875 0.296975303125 0.24179116406249998 0.2930532359375 0.2225003765625 0.296108596875 0.21782745625 0.291575459375 0.21478406093750002 0.297330740625 0.207067746875 0.298552884375 0.20098095625 0.31006345 0.19429506093749999 0.34276192656250004 0.1843501140625 0.3548835640625 0.1851648765625 0.36002777343750003 0.1729912984375 0.3830489015625 0.189238690625 0.38574882499999996 0.1939116109375 0.39028196249999997 0.2016279265625 0.3890598171875 0.2109737671875 0.39812609375 0.23189408125000002 0.40535915312500004 0.2544439203125 0.42288063437499995 0.258302078125 0.4222695609375 0.276562446875 0.38773786875 0.2903655515625 0.375005159375 0.2879212625 0.359572528125 0.2730877390625 0.3408289046875
0 0 0.5393508515625001 0.002082015625 0.55249618125 0.00979833125 0.5512740375 0.0144712515625 0.5558071765625 0.0175146453125 0.5500518921875 0.022187565625 0.55458503125 0.056910984374999994 0.5490853828125 0.0599543796875 0.5433301 0.058324853125 0.5330416796875 0.0528371703125 0.52336433125 0.02947256875 0.500698640625 0.012410412499999999 0.49285451093750005 0 0.49208919531250006 0 0.5393508515625001
0 0 0.371969846875 0.015405943750000001 0.386914946875 0.0751234890625 0.4143694078125 0.098272434375 0.41070297499999997 0.11511893437500001 0.392214984375 0.1490275890625 0.381571125 0.1766337984375 0.3561057078125 0.191036009375 0.32218508749999997 0.1958767234375 0.252866065625 0.18794475156249998 0.22775608906249997 0.1558334140625 0.174836209375 0.11540665624999999 0.1443263890625 0.0658497140625 0.1310824125 0.0096068765625 0.150536915625 0 0.15939880312500002 0 0.371969846875
0 0 0.1446593265625 0.0110207453125 0.1344932125 0.013249376562500002 0.1235937203125 0.0201509296875 0.117227365625 0.062890215625 0.099911615625 0.0841100828125 0.09655071875 0.0926411609375 0.1004727859375 0.1094876609375 0.0819847953125 0.11780308125000001 0.059574737499999995 0.11698831875 0.054430528125 0 0.0729596578125 0 0.1446593265625
0 0.13062362968750002 0.11554997656249999 0.1346974453125 0.141271028125 0.18772909531249998 0.201423965625 0.2179952484375 0.2177233 0.24114419531250003 0.2140568671875 0.2549473 0.201324159375 0.26652177187500004 0.19949094375 0.29554185 0.1579818234375 0.323148059375 0.13251640625 0.334506875 0.104351065625 0.3367355078125 0.093451575 0.326143590625 0.026576842187499998 0.3214706703125 0.0220437046875 0.128562790625 0.052597310937499996 0.126334159375 0.06349680468749999 0.1310070796875 0.0680299421875 0.125950709375 0.1110168390625 0.13062362968750002 0.11554997656249999
0 0 0.464439290625 0.0006202828125 0.468355603125 0.01219475625 0.46652238749999997 0.025398754687500004 0.4749775921875 0.0369732265625 0.47314437500000006 0.058492646875 0.45918952187500006 0.06294991093749999 0.43739053749999995 0.051974543750000005 0.418035840625 0.024751784375 0.39598122343750003 0.012362548437499999 0.3926702296875 0 0.377048928125 0 0.464439290625