0 0.819319021875 0.924732653125 0.797043784375 0.959492496875 0.7762421484375001 0.9698366421875001 0.886326090625 0.9563200328124999 0.8590223359375001 0.928512415625 0.8414307640625 0.8839322421875 0.8346091390625 0.8847698328125 0.819319021875 0.924732653125
0 1 0.7999958656249999 0.9909247078125001 0.7902731234375 0.97665326875 0.7868320859375 0.96538786875 0.8219720765625 0.9454162671875 0.8426010046875 0.9207774703125 0.8534162937499999 0.9166035421875 0.8617188109375 0.8780074015625001 0.8716511703125001 0.853503528125 0.86946651875 0.8440342109375001 0.86283918125 0.8471751734374999 0.8884202671875 0.8644526484374999 0.9304423312500001 0.88955324375 0.9559237890625001 0.9830225968749999 0.9444471953125 1 0.922717109375 1 0.7999958656249999
0 1 0.7372294187499999 0.9891308078125001 0.7333665421875 0.9823091859374999 0.7342041328125 0.981097046875 0.7525296875 0.9831165484375 0.7548783984375 0.98562931875 0.7753432671875 0.990296515625 0.78515690625 1 0.79644220625 1 0.7372294187499999
0 1 0.580199540625 0.9906149781250001 0.59036719375 0.9472167171875 0.6034858562500001 0.8954263515625 0.6046515640625 0.8956055234375 0.6202096125 0.9102353046875 0.654766746875 0.92329460625 0.676533340625 0.9492340359375 0.704508478125 0.9600946625000001 0.7083683093750001 0.9833863984375 0.7288785171875001 0.9996773375 0.734668265625 1 0.7346518390625 1 0.580199540625
0 0.8482081390625 0.8545366624999999 0.8528753359374999 0.8643503015625 0.877379209375 0.866534953125 0.9077624156249999 0.860207690625 0.9602716515624999 0.8226002687499999 0.978179503125 0.771064640625 0.97485936875 0.7299255046875001 0.9326289984375 0.69616061875 0.8964128859375 0.640883878125 0.8912966687500001 0.6415120703125 0.869079965625 0.714350159375 0.8511278656249999 0.7373277984375 0.82092383125 0.7592131125 0.78201359375 0.7665873624999999 0.795252065625 0.8039120046875 0.8204283796875 0.8397708640625 0.8396811109375 0.85558365 0.8482081390625 0.8545366624999999
0 0.7000612578125 0.9168702828124999 0.712492365625 0.933520659375 0.7154541562500001 0.9435436968750001 0.731296075 0.9597752765625 0.7584476421875 0.9694248562500001 0.7737962953124999 0.9675402796875 0.8057057375 0.9454455703125 0.8224014499999999 0.9122354953125 0.83442996875 0.8692117828124999 0.83456489375 0.8562118421875 0.8193511656249999 0.8450964781250001 0.808939559375 0.8307948140624999 0.7918412546875 0.8043307984375 0.779545071875 0.7746804843749999 0.7753711421875 0.7829830015625 0.7723186734375 0.8145178953125001 0.75485984375 0.8556116921875001 0.7290089078124999 0.8847525359375 0.70127339375 0.898544728125 0.6984907765624999 0.9040797390625 0.7000612578125 0.9168702828124999
0 0.7204354484375 0.9559154453125001 0.7129856343750001 0.9516368171874999 0.7100238421875 0.9416137796875 0.703651240625 0.9320095374999999 0.7039653359375 0.9345676468749999 0.7011827171875 0.940102659375 0.70212500625 0.9477769859375 0.6971879609375 0.9639632265625 0.6990725375 0.979311878125 0.733180653125 0.9751239281249999 0.7325524609375 0.9700077109375 0.7302188625 0.9651008921875001 0.72851345625 0.9653102890625 0.7204354484375 0.9559154453125001
0 0.5305813125000001 1 0.6973671328125 0.9795212765624999 0.6948543625 0.9590564078125 0.6984000984375001 0.945637671875 0.6910852078125 0.9283591031249999 0.6949450406250001 0.9174984765625 0.6879442453125 0.9027780171875 0.6567536734375 0.8884310140625 0.6226013109374999 0.8640609734375 0.592622878125 0.831388415625 0.579293728125 0.8356217031250001 0.5560904859375 0.8722274765625 0.5152049953125 0.9058110062500001 0.5272755765625 0.99001919375 0.5304770453125001 1 0.5305813125000001 1
0 0.587148315625 0.800900509375 0.6236785234375 0.858735359375 0.6632612 0.8850353156249999 0.6992538921875 0.8961960171875001 0.717699259375 0.8913345359375 0.747275103125 0.8643330046875001 0.77061326875 0.8147272937500001 0.7778396640625 0.77488988125 0.7748778749999999 0.7648668437499999 0.7373147015625 0.7409155984375 0.7133947734375 0.7152891734375 0.6703127921875 0.6322920328125 0.6555923328125 0.639292828125 0.6571628140625 0.6520833703125 0.6485451078125 0.6946882890625 0.6283036562500001 0.7413170984375 0.60384403125 0.7676904359375001 0.580282446875 0.7731801078125 0.587148315625 0.800900509375
0 0.77766049375 0.7593318328125 0.8137881109375 0.7574925921875 0.8563790078125001 0.723699665625 0.8821856968749999 0.66600083125 0.8883348796874999 0.631489034375 0.8865852265624999 0.6031404421875 0.8107864390625 0.52156374375 0.7883484984375 0.45161188125 0.775154271875 0.4428452296875 0.7686467453125 0.4462409296875 0.7655942765625 0.477775821875 0.7501549484375001 0.5212183312499999 0.7255603984375 0.5605916093750001 0.6696403515625 0.598617825 0.7084134796875 0.702917425 0.74243091875 0.74028740625 0.77766049375 0.7593318328125
0 1 0.46941868593749997 0.9821660578125 0.32417288437499997 0.9746889296875001 0.3196718125 0.94269099375 0.28465054375 0.91441578125 0.35044249843749997 0.8698496312499999 0.41044470312500003 0.8475444328125 0.4261668125 0.7922083296875 0.4407512546875 0.799253371875 0.48402970468750006 0.8162167531250001 0.5234936609374999 0.8667043031249999 0.5822114390625 0.8893678453125 0.5976054296875 0.9158912203125 0.60213879375 0.983479259375 0.5886466765625 1 0.57513633125 1 0.46941868593749997
0 0.979805146875 0.3190436203125 0.981675865625 0.3201805953125 0.9587264937500001 0.1332729546875 0.9251016046875 0.141396459375 0.9370372609375 0.23860458750000002 0.9512180234375001 0.28360355625 0.979805146875 0.3190436203125
0 0.7957646 0 0.7954044546875 0.001520778125 0.843602653125 0.0838897265625 0.9204344062500001 0.1315828203125 0.95814009375 0.1284971125 0.9423626328125 0 0.7957646 0
0 0.536345446875 0 0.554179125 0.0389295484375 0.5807467484375 0.07202090156249999 0.622348925 0.10066957031249998 0.6808259890625 0.1116662125 0.7393937312500001 0.08110492500000001 0.7791577609375 0.0242890203125 0.7891243703125 0 0.536345446875 0
0 0.6669992062500001 0.2951311640625 0.6912774765624999 0.35187368750000003 0.7330588265625 0.3960804046875 0.7909519453125 0.4305188203125 0.84211411875 0.42423689531250003 0.867830128125 0.40809599218750003 0.9151789000000001 0.3425587734375 0.9363183921875 0.2750463015625 0.9309345078125 0.2030004640625 0.9125355703125001 0.137746025 0.8580532640625 0.1028888125 0.8052321156250001 0.039264215625 0.797647375 0.047985528124999996 0.7748489078125 0.045591478125 0.741727328125 0.0860117453125 0.6868844953125001 0.1187123453125 0.6787158109375 0.15087543125 0.660314690625 0.18429490312500002 0.6569923734375 0.241829678125 0.6669992062500001 0.2951311640625
0 0.5305782703124999 1 0.525570171875 0.9902285921875 0.510402875 0.9089973078125 0.470864446875 0.9112553406250001 0.43487175312500004 0.9000946390625 0.407224734375 0.9710028109375 0.4124316140625 1 0.5305782703124999 1
0 0.35735075312500003 1 0.3804315109375 0.9924693296875 0.4163357078125 0.9465140515625 0.43208913437499996 0.9056296515625 0.43253815468749995 0.8951878203125 0.40224562500000005 0.859957153125 0.37267196406249997 0.788284771875 0.34408265781249997 0.8515186187499999 0.31823172187500004 0.8806594609375 0.2987091421875 0.8908465578125 0.25746530624999997 0.8933139890625 0.2652734671875 0.9287087156249999 0.289372565625 0.9698931890625 0.3153119953125 0.997868325 0.3233792578125 1 0.35735075312500003 1
0 0.4992281515625 0.9025793656250001 0.5475634578124999 0.8732744640625001 0.55995031875 0.8613668484374999 0.5767809578125 0.815156834375 0.5731467265625 0.7714595906249999 0.5042580578125 0.7461612828125 0.482671728125 0.7254416781249999 0.46525932656249996 0.6964195546874999 0.44686039062500005 0.631165115625 0.4134689609375 0.6975852625 0.378013784375 0.7330987078125 0.3760385296875 0.7593079859375 0.3893212484375 0.82519061875 0.4120290375 0.8691426 0.44882909531250004 0.9009775671875 0.4992281515625 0.9025793656250001
0 0.5674023171875 0.766971565625 0.6032158390625 0.76257421875 0.6276754640625 0.73620088125 0.6437429859375 0.6978745890625 0.65231644375 0.62671168125 0.646841884375 0.5962237765625 0.602636259375 0.5886681703125001 0.58199221875 0.5756228906249999 0.546583471875 0.541020415625 0.522484371875 0.49983594218749994 0.49573539375 0.5498604484375 0.45484990312500007 0.583443978125 0.44870071874999995 0.6179557765625 0.46166934218750005 0.6812802984374999 0.48639663437499997 0.7275809921875 0.5351345328125 0.7579501765625001 0.5674023171875 0.766971565625
0 0.649624503125 0.5906887640625 0.7063519140625 0.5733368125 0.749212659375 0.5135440046874999 0.764158721875 0.45198533906250005 0.7630372609375 0.4287529640625 0.6905143609375 0.3597574125 0.6609407 0.28808503124999996 0.6373348671875 0.2650167140625 0.6216721203125 0.2643431828125 0.5866659624999999 0.2894147984375 0.53070166875 0.2988830234375 0.5234310265625 0.3101624453125 0.5252669890624999 0.49430092812500004 0.5496801859375 0.5380435125 0.59083334375 0.5771340109375 0.649624503125 0.5906887640625
0 0.47351966875 0 0.46172887031250004 0.019120915625000002 0.427036809375 0.0467506375 0.41823993281250005 0.07379750625 0.425194296875 0.15863388750000001 0.4396891546875 0.20619096250000002 0.4830409859375 0.2631882234375 0.527739878125 0.2888599859375 0.5775107421875 0.28534556875 0.603226753125 0.2692046640625 0.625666878125 0.240482615625 0.6119793828125 0.21359980625000002 0.617230525 0.199971671875 0.631950984375 0.192970878125 0.638009490625 0.20001701249999998 0.6763822109375 0.1459686109375 0.6777292734375 0.114643115625 0.624682525 0.1055763890625 0.5813749406250001 0.07713711875 0.5527878171875 0.0416970546875 0.5322892921875 0 0.47351966875 0
0 0.468371321875 0.0027252765625 0.4693362796875 0.00001011875 0.2686250703125 0.024654356250000002 0.305324809375 0.05650164375 0.35527484375 0.06854527187500001 0.4120022546875 0.05119332343750001 0.468371321875 0.0027252765625
0 0 0.1159688109375 0.05826439375 0.13098031875 0.087256290625 0.1274205625 0.11638311406249999 0.1108608625 0.15506993125 0.059370571875 0.162479521875 0.037687390625 0 0.0576373671875 0 0.1159688109375
0 0.17149143125 0.2495082015625 0.21515735625 0.3090635703125 0.27848078906249996 0.3454319015625 0.3228213375 0.3399875671875 0.3742533609375 0.3077057609375 0.41491543281250004 0.23000619218749999 0.42259085 0.17972694843749998 0.40971290312499997 0.07484449374999999 0.4033403015625 0.06524025156249999 0.3242634453125 0.0697563203125 0.26311194375 0.0253312828125 0.16931462656250001 0.036848145312500004 0.13698290625 0.09534815156250001 0.1326740546875 0.1166506125 0.146135946875 0.19809129375 0.17149143125 0.2495082015625
0 0 0.41209019375 0.031555298437500004 0.40691063906249997 0.0577203296875 0.38032790312500003 0.10080449375 0.36465113437499996 0.131592475 0.319324046875 0.1482439421875 0.257555984375 0.1433533265625 0.20362630625000003 0.12230669375 0.1309069375 0.1122091859375 0.11916338281250001 0.0844736734375 0.1329555734375 0.050051459374999996 0.1345854140625 0 0.12078376718749999 0 0.41209019375
0 0.28453711249999997 0.45115194531249997 0.2990319703125 0.49870902343749995 0.31707256250000004 0.5328473640625 0.366303728125 0.5813327078125 0.38771088593749997 0.5864942640625 0.473744290625 0.568140665625 0.509020296875 0.5170691703125 0.52059979375 0.4844872890625 0.523338165625 0.45039428593749997 0.5159347796875 0.3759997390625 0.49829896093750004 0.302861575 0.4905350484375 0.296024840625 0.494080784375 0.2826061046875 0.47173133749999996 0.2697702234375 0.4358293234375 0.21705159062499998 0.4255968890625 0.21830797500000002 0.374881553125 0.312821978125 0.34638292187499997 0.33449789375 0.2845392953125 0.3524780359375 0.28023044218750004 0.37378049375 0.28453711249999997 0.45115194531249997
0 0.1563154 0.5629725609375 0.18903220625 0.5615521171875 0.24248372968749998 0.531619021875 0.264923853125 0.5028969734375 0.281440396875 0.45412885000000003 0.27771767187499996 0.353315625 0.2137660484375 0.3118310765625 0.1553354140625 0.23071851406250002 0.14797409374999998 0.283555865625 0.1179934765625 0.3495572171875 0.09972728125 0.3699767484375 0.060053926562500005 0.38523472187499996 0.0448844484375 0.4026773484375 0.053320798437500004 0.44318829375 0.0833434796875 0.504418840625 0.1176750140625 0.5443469296875 0.1563154 0.5629725609375
0 0 0.530581315625 0.0000624671875 0.5310900703125 0.012030534375 0.5157716453125001 0.031464620312500004 0.44846856874999996 0.0301639875 0.40967814375 0 0.4047601109375 0 0.530581315625
0 0.15330499687500002 0.7217393546875 0.1744887359375 0.682784871875 0.191275128125 0.6080168671874999 0.18656368437499998 0.5696452375 0.1443775609375 0.56443834375 0.11255879687499999 0.5449751218750001 0.0779131671875 0.502488925 0.03949838125 0.4293054234375 0.03801639375 0.47363086093750006 0.031194771875 0.47446845 0.010190203125 0.528980984375 0.00101784375 0.538870984375 0.0219594640625 0.7094267875 0.0438449328125 0.7325826859375 0.0770550046875 0.7492784015625 0.115202125 0.7497878734375 0.15330499687500002 0.7217393546875
0 0.3959658828125 0.71012106875 0.42289403124999997 0.675654609375 0.44219319375 0.621351475 0.44120665781249996 0.585119159375 0.3686373265625 0.5862395265625 0.32470155 0.552684040625 0.2842672625 0.47715182812499995 0.25240206875000004 0.527804528125 0.22282622500000002 0.5548060578125 0.21990868125000002 0.5733410109375 0.22865912968750002 0.6164100625 0.266445721875 0.684477346875 0.31177280937499996 0.7152653296875 0.3665249640625 0.7241226578125 0.3959658828125 0.71012106875
0 0.33030448749999997 0.8661937375000001 0.35597625 0.8214948453125 0.36800476875 0.77847113125 0.36544775 0.7294482734375001 0.28664074375 0.7079644593750001 0.2670739140625 0.6895935640624999 0.22183750781249997 0.617247653125 0.1880877359375 0.652551703125 0.170852321875 0.7377615390625001 0.1757429390625 0.7916912171875 0.19472582031250002 0.833503884375 0.230762759375 0.873222575 0.2724998625 0.888871303125 0.301491759375 0.8853115468749999 0.33030448749999997 0.8661937375000001
0 0.31512769218750003 1 0.281608653125 0.963056453125 0.2673372140625 0.959615415625 0.2642936421875 1 0.31512769218750003 1
0 0.25799804375 1 0.2532449484375 0.971732428125 0.2442246515625 0.9546632562499999 0.23134452187500001 0.9484547140625 0.21635421406250002 0.981455390625 0.1915153421875 1 0.25799804375 1
0 0.17776324062499999 1 0.20055654218750002 0.9937817984375 0.22299666562499998 0.9650597515625 0.2314794484375 0.9354547734375 0.235744053125 0.8855943249999999 0.20204071250000002 0.8507824515625 0.17623620625 0.8098073749999999 0.15585983125 0.8694361265625 0.133733803125 0.9007162828125 0.0548361171875 0.9207903999999999 0.06776049375 0.9555569328125 0.089975015625 0.98139275625 0.11845758125000001 1 0.17776324062499999 1
0 0.0848061 1 0.0881346859375 0.99460209375 0.08423060624999999 0.97690473125 0.057034790625 0.938697159375 0.054522020312499996 0.918232290625 0.0474311734375 0.916877215625 0.0576373671875 1 0.0848061 1
0 0.1682024453125 0.8289705218750001 0.17125491406249999 0.7974356265625 0.156580884375 0.7343205015625001 0.1158303171875 0.754904090625 0.0848189171875 0.7561151359375 0.0427677203125 0.7379083015625 0.0233579390625 0.7208164625 0.0465138125 0.909405915625 0.076692296875 0.9155101234374999 0.1320283984375 0.9009256796875 0.1530772125 0.8749711375 0.1682024453125 0.8289705218750001