0 0 0 0 0.12254902031249999 0.026143790625000003 0.132352940625 0.0506535953125 0.12009803906250001 0.055555556250000006 0.080882353125 0.045751634375 0.03676470625 0.021241829687499998 0 0 0
0 0.1045751640625 0.0318627453125 0.16993464062500002 0.0245098046875 0.171568628125 0 0.026143790625000003 0.0024509796875 0.042483659374999996 0.0245098046875 0.060457515625 0.078431371875 0.1045751640625 0.0318627453125
0 0.1764705875 0 0.1797385625 0.01960784375 0.2173202609375 0.0686274515625 0.22875817031249998 0.1127450984375 0.23529411718749998 0.1127450984375 0.25435784375 0.07679656875 0.2794117640625 0.046568628125 0.3071895421875 0.03676470625 0.3349673203125 0.0416666671875 0.33823529375 0.03676470625 0.33986928125000004 0 0.1764705875 0
0 0.1045751640625 0.1568627453125 0.12581699375 0.13970588281250002 0.150326796875 0.132352940625 0.1552287578125 0.125 0.1928104578125 0.12009803906250001 0.215686275 0.125 0.223856209375 0.132352940625 0.223856209375 0.1078431375 0.2124183 0.0661764703125 0.187908496875 0.034313725 0.16993464062500002 0.026960784375 0.1094771234375 0.0318627453125 0.0702614375 0.07107843124999999 0.0571895421875 0.1004901953125 0.0571895421875 0.1568627453125 0.07679738593749999 0.1838235296875 0.08986928125 0.188725490625 0.1045751640625 0.1568627453125
0 0 0.2475490203125 0.0049019609375 0.2450980390625 0.009803921875 0.23529411718749998 0.0310457515625 0.2279411765625 0.0571895421875 0.23039215624999998 0.071895425 0.23774509843749997 0.078431371875 0.23774509843749997 0.081699346875 0.2205882359375 0.080065359375 0.2181372546875 0.080065359375 0.1985294125 0.07679738593749999 0.188725490625 0.06535947656249999 0.171568628125 0.045751634375 0.15441176406249998 0.044117646875 0.1495098046875 0.0310457515625 0.151960784375 0.008169934375 0.1299019609375 0 0.1299019609375 0 0.2475490203125
0 0 0.43382352968750004 0.0049019609375 0.43137254843750006 0.01633986875 0.4044117640625 0.05392156875 0.37254902031250003 0.09640522812499999 0.365196078125 0.1454248359375 0.3700980390625 0.1470588234375 0.35539215625 0.1372549015625 0.32107843125 0.12745097968750002 0.2990196078125 0.10620915 0.26960784375 0.09640522812499999 0.2647058828125 0.07679738593749999 0.242647059375 0.062091503125 0.23529411718749998 0.027777778125000003 0.23284313750000002 0.009803921875 0.24019607812500002 0 0.25245097968749997 0 0.43382352968750004
0 0.15359477187499998 0.3357843140625 0.1830065359375 0.26960784375 0.2026143796875 0.25 0.23366013125 0.23284313750000002 0.2712418296875 0.23039215624999998 0.2630718953125 0.1936274515625 0.2434640515625 0.1568627453125 0.2271241828125 0.13970588281250002 0.2189542484375 0.13970588281250002 0.215686275 0.1299019609375 0.1928104578125 0.125 0.1633986921875 0.12745097968750002 0.1094771234375 0.1568627453125 0.0866013078125 0.203431371875 0.08496732031250001 0.242647059375 0.1209150328125 0.2794117640625 0.1486928109375 0.3357843140625 0.15359477187499998 0.3357843140625
0 0.26633986875 0.1936274515625 0.27450980468749997 0.223039215625 0.2794117640625 0.215686275 0.2859477125 0.186274509375 0.3071895421875 0.1495098046875 0.3349673203125 0.125 0.36274509843749997 0.11519607812499999 0.366013071875 0.1102941171875 0.366013071875 0.098039215625 0.35620915000000003 0.080882353125 0.3545751640625 0.07107843124999999 0.34150326875000003 0.05392156875 0.3169934640625 0.0416666671875 0.30228758125 0.0416666671875 0.26960784375 0.0588235296875 0.25 0.08823529375 0.23366013125 0.12745097968750002 0.23202614375000002 0.13970588281250002 0.2450980390625 0.151960784375 0.25326797343749996 0.1666666671875 0.26633986875 0.1936274515625
0 0.34150326875000003 0 0.3431372546875 0.0024509796875 0.34150326875000003 0.007352940625 0.34150326875000003 0.044117646875 0.3431372546875 0.0490196078125 0.3447712421875 0.0490196078125 0.3513071890625 0.0588235296875 0.3578431375 0.063725490625 0.3594771234375 0.0735294125 0.364379084375 0.08333333281250001 0.364379084375 0.080882353125 0.367647059375 0.0759803921875 0.367647059375 0.0686274515625 0.37418300625 0.05392156875 0.37418300625 0.0392156859375 0.37581699375 0.03676470625 0.37581699375 0.0318627453125 0.383986928125 0.0171568625 0.383986928125 0.0122549015625 0.3905228765625 0.0049019609375 0.3905228765625 0 0.34150326875000003 0
0 0.3954248359375 0 0.37581699375 0.0392156859375 0.37581699375 0.0588235296875 0.3709150328125 0.07107843124999999 0.37581699375 0.08823529375 0.3709150328125 0.098039215625 0.37581699375 0.1127450984375 0.40359477187500004 0.1299019609375 0.43300653593750005 0.1568627453125 0.45751634062499996 0.1911764703125 0.4705882359375 0.188725490625 0.49673202656250004 0.1568627453125 0.5392156859375 0.1299019609375 0.5375816999999999 0.0490196078125 0.534313725 0.0318627453125 0.51960784375 0 0.3954248359375 0
0 0.330065359375 0.28676470625 0.3611111109375 0.3700980390625 0.37581699375 0.365196078125 0.37581699375 0.3529411765625 0.3888888890625 0.313725490625 0.41339869218749997 0.2720588234375 0.439542484375 0.25 0.46241830000000006 0.2475490203125 0.4591503265625 0.2205882359375 0.43137254843750006 0.16176470625 0.3970588234375 0.132352940625 0.364379084375 0.117647059375 0.34640522812499996 0.12009803906250001 0.31535947656249996 0.14215686249999998 0.2875817 0.186274509375 0.276143790625 0.223039215625 0.27777777812500004 0.23284313750000002 0.310457515625 0.259803921875 0.330065359375 0.28676470625
0 0.24019607812500002 0.53676470625 0.2467320265625 0.534313725 0.25326797343749996 0.5049019609375 0.2728758171875 0.46568627500000004 0.3006535953125 0.43137254843750006 0.3578431375 0.40196078437500005 0.3333333328125 0.2990196078125 0.30555555624999997 0.259803921875 0.27450980468749997 0.23774509843749997 0.24019607812500002 0.23529411718749998 0.19607843125 0.26225490156250003 0.1650326796875 0.313725490625 0.1552287578125 0.3455882359375 0.15359477187499998 0.37254902031250003 0.215686275 0.4583333328125 0.22875817031249998 0.526960784375 0.24019607812500002 0.53676470625
0 0 0.6004901953124999 0.0375817 0.6299019609375 0.063725490625 0.6666666671875 0.098039215625 0.6078431375 0.1470588234375 0.5563725484375001 0.16993464062500002 0.544117646875 0.223856209375 0.53676470625 0.222222221875 0.49509803906250005 0.2107843140625 0.455882353125 0.16993464062500002 0.39460784375 0.150326796875 0.37745097968749997 0.12581699375 0.3700980390625 0.060457515625 0.375 0.0294117640625 0.39460784375 0.014705882812500001 0.4142156859375 0 0.44117647031249996 0 0.6004901953124999
0 0.055555556250000006 0.6666666671875 0.032679739062500004 0.6299019609375 0.0016339875000000001 0.60539215625 0 0.811274509375 0.063725490625 0.8039215687500001 0.063725490625 0.7107843140625 0.055555556250000006 0.6666666671875
0 0 0.9975490203125 0.15359477187499998 0.9950980390625 0.16993464062500002 0.9509803921875 0.133986928125 0.8676470593750001 0.0669934640625 0.813725490625 0.0065359484374999995 0.811274509375 0 0.813725490625 0 0.9975490203125
0 0.3807189546875 0.909313725 0.3447712421875 0.8774509796875 0.2908496734375 0.8602941171875 0.23202614375000002 0.8823529406249999 0.187908496875 0.9313725484375001 0.16176470625 0.9779411765624999 0.1568627453125 0.9975490203125 0.41830065312500003 0.9950980390625 0.40196078437500005 0.9436274515624999 0.3807189546875 0.909313725
0 0.1650326796875 0.9142156859374999 0.17320261406249998 0.9068627453125 0.19444444375 0.91176470625 0.23039215624999998 0.8774509796875 0.2859477125 0.8529411765624999 0.2973856203125 0.8235294124999999 0.3186274515625 0.794117646875 0.328431371875 0.740196078125 0.32516339843750003 0.688725490625 0.30882352968750004 0.6323529406249999 0.27450980468749997 0.5857843140625 0.223856209375 0.546568628125 0.1748366015625 0.546568628125 0.1486928109375 0.5588235296875 0.09640522812499999 0.615196078125 0.0686274515625 0.6764705875 0.06535947656249999 0.7450980390625 0.0751633984375 0.8088235296875 0.12254902031249999 0.848039215625 0.1650326796875 0.9142156859374999
0 0.5212418296875 0 0.5392156859375 0.0490196078125 0.544117646875 0.12745097968750002 0.581699346875 0.1299019609375 0.614379084375 0.14460784375 0.6486928109375001 0.080882353125 0.6470588234375 0.0514705875 0.6307189546874999 0 0.5212418296875 0
0 0.6944444437499999 0.20098039218750002 0.722222221875 0.1764705875 0.741830065625 0.169117646875 0.7810457515625 0.171568628125 0.777777778125 0.1372549015625 0.759803921875 0.0955882359375 0.7385620921875 0.0661764703125 0.7140522875 0.0563725484375 0.6764705875 0.063725490625 0.6372549015625 0.10294117656249999 0.6176470593750001 0.13970588281250002 0.616013071875 0.1495098046875 0.6405228765625 0.186274509375 0.66013071875 0.257352940625 0.6944444437499999 0.20098039218750002
0 0.562091503125 0.3333333328125 0.571895425 0.3970588234375 0.6111111109375 0.33823529375 0.6486928109375001 0.30882352968750004 0.653594771875 0.28431372499999996 0.6486928109375001 0.2205882359375 0.6323529406249999 0.1764705875 0.6013071890624999 0.14215686249999998 0.55392156875 0.134803921875 0.5049019609375 0.1568627453125 0.491830065625 0.1666666671875 0.4705882359375 0.20833333281250002 0.4689542484375 0.25 0.5310457515625 0.2818627453125 0.5490196078125 0.30392156875 0.562091503125 0.3333333328125
0 0.4673202609375 0.4705882359375 0.4852941171875 0.5122549015625 0.51633986875 0.4681372546875 0.5588235296875 0.44117647031249996 0.5686274515624999 0.40931372499999996 0.563725490625 0.348039215625 0.545751634375 0.3014705875 0.5032679734375 0.2671568625 0.47385620937499995 0.2549019609375 0.439542484375 0.2549019609375 0.41339869218749997 0.276960784375 0.39379084999999997 0.311274509375 0.37745097968749997 0.37745097968749997 0.3790849671875 0.4068627453125 0.419934640625 0.419117646875 0.437908496875 0.43382352968750004 0.4673202609375 0.4705882359375
0 0.349673203125 0.7205882359375 0.364379084375 0.723039215625 0.40032679687500006 0.703431371875 0.454248365625 0.7009803921875 0.46241830000000006 0.6911764703125 0.48202614375 0.5171568625 0.46405228750000005 0.47303921562499995 0.42973856250000003 0.43137254843750006 0.37581699375 0.41176470624999995 0.3202614375 0.421568628125 0.2728758171875 0.47303921562499995 0.2516339875 0.5294117640625 0.25 0.5514705875 0.310457515625 0.625 0.330065359375 0.69607843125 0.349673203125 0.7205882359375
0 0.40359477187500004 0.9411764703125 0.4232026140625 0.9975490203125 0.4673202609375 0.9975490203125 0.4869281046875 0.973039215625 0.5228758171875 0.9509803921875 0.534313725 0.9264705875000001 0.5375816999999999 0.8455882359375 0.5294117640625 0.7990196078125 0.49509803906250005 0.740196078125 0.455882353125 0.7107843140625 0.40849673124999997 0.7083333328125 0.382352940625 0.7205882359375 0.3578431375 0.7450980390625 0.367647059375 0.7720588234375 0.3611111109375 0.784313725 0.34640522812499996 0.7892156859375 0.34150326875000003 0.7818627453125 0.2990196078125 0.828431371875 0.294117646875 0.8578431375 0.3431372546875 0.8725490203125 0.3807189546875 0.9044117640625 0.40359477187500004 0.9411764703125
0 0.5931372546875 0.938725490625 0.5375816999999999 0.9485294124999999 0.4787581703125 0.9877450984375 0.47385620937499995 0.9975490203125 0.6764705875 0.9975490203125 0.6388888890625 0.955882353125 0.5931372546875 0.938725490625
0 0.9493464046875 0.9411764703125 0.8807189546874999 0.9142156859374999 0.8529411765624999 0.9142156859374999 0.8235294124999999 0.9264705875000001 0.7810457515625 0.9705882359375 0.76797385625 0.9975490203125 0.9983660125 0.9975490203125 0.98039215625 0.9681372546875 0.9493464046875 0.9411764703125
0 0.6830065359375 0.9975490203125 0.7614379078125 0.9950980390625 0.8022875812500001 0.938725490625 0.8088235296875 0.919117646875 0.8055555562500001 0.840686275 0.7875816999999999 0.7892156859375 0.7532679734375 0.7279411765625 0.69771241875 0.686274509375 0.6552287578125 0.686274509375 0.6029411765625 0.7107843140625 0.5555555562500001 0.7794117640625 0.542483659375 0.8259803921875 0.542483659375 0.9264705875000001 0.5473856203125 0.936274509375 0.6225490203125 0.9411764703125 0.6830065359375 0.9975490203125
0 0.85620915 0.909313725 0.8888888890625 0.91176470625 0.954248365625 0.938725490625 0.9983660125 0.9828431375 0.9983660125 0.6544117640625 0.937908496875 0.6568627453125 0.91013071875 0.67892156875 0.8676470593750001 0.688725490625 0.8333333328125001 0.7279411765625 0.810457515625 0.784313725 0.8088235296875 0.8357843140625001 0.8202614374999999 0.9068627453125 0.828431371875 0.919117646875 0.85620915 0.909313725
0 0.4869281046875 0.7205882359375 0.5065359484374999 0.7352941171875 0.534313725 0.7892156859375 0.544117646875 0.7892156859375 0.6029411765625 0.705882353125 0.6323529406249999 0.688725490625 0.6928104578125 0.67892156875 0.6993464046875 0.659313725 0.704248365625 0.5857843140625 0.69607843125 0.5392156859375 0.6830065359375 0.5049019609375 0.6421568625 0.453431371875 0.6225490203125 0.44607843125 0.5392156859375 0.453431371875 0.5 0.49754902031250003 0.4852941171875 0.526960784375 0.4787581703125 0.5588235296875 0.4771241828125 0.6299019609375 0.4852941171875 0.7009803921875 0.491830065625 0.7083333328125 0.4869281046875 0.7205882359375
0 0.813725490625 0.759803921875 0.8496732031249999 0.7009803921875 0.8692810453125001 0.6838235296875 0.90849673125 0.6740196078125 0.9248366015625 0.659313725 0.921568628125 0.6200980390625 0.9003267968750001 0.5588235296875 0.8725490203125 0.5171568625 0.83823529375 0.49509803906250005 0.8071895421875 0.49264705937500003 0.7532679734375 0.5147058828125 0.7287581703125 0.5392156859375 0.707516340625 0.5833333328125 0.6993464046875 0.67892156875 0.7549019609375 0.7254901953124999 0.8006535953125 0.8088235296875 0.813725490625 0.759803921875
0 0.9689542484375 0.5563725484375001 0.9428104578125 0.6176470593750001 0.939542484375 0.6544117640625 0.9983660125 0.671568628125 0.9983660125 0.526960784375 0.9689542484375 0.5563725484375001
0 0.9052287578125 0.561274509375 0.9330065359375 0.634803921875 0.939542484375 0.5931372546875 0.9460784312499999 0.5931372546875 0.972222221875 0.544117646875 0.9983660125 0.5220588234375 0.9983660125 0.39460784375 0.9640522875 0.348039215625 0.9346405234375 0.328431371875 0.8986928109375001 0.3235294125 0.8594771234374999 0.3455882359375 0.8349673203125001 0.3799019609375 0.810457515625 0.4485294125 0.810457515625 0.4852941171875 0.8496732031249999 0.49509803906250005 0.8774509796875 0.5171568625 0.9052287578125 0.561274509375
0 0.707516340625 0.561274509375 0.7434640515625001 0.5171568625 0.7745098046875001 0.49509803906250005 0.7794117640625 0.4779411765625 0.776143790625 0.436274509375 0.7483660125 0.367647059375 0.7091503265625 0.3333333328125 0.65849673125 0.3186274515625 0.6290849671875 0.328431371875 0.5996732031249999 0.3578431375 0.5751633984375 0.4068627453125 0.571895425 0.44117647031249996 0.6405228765625 0.4485294125 0.678104575 0.4852941171875 0.707516340625 0.561274509375
0 0.7826797390625 0.436274509375 0.8186274515624999 0.4068627453125 0.8447712421875 0.328431371875 0.846405228125 0.276960784375 0.8333333328125001 0.23529411718749998 0.8039215687500001 0.1936274515625 0.76633986875 0.1740196078125 0.7385620921875 0.1740196078125 0.7091503265625 0.188725490625 0.6797385625000001 0.2279411765625 0.6633986921874999 0.2671568625 0.66013071875 0.313725490625 0.73202614375 0.3431372546875 0.7483660125 0.36274509843749997 0.7826797390625 0.436274509375
0 0.6388888890625 0 0.6388888890625 0.009803921875 0.653594771875 0.0735294125 0.6732026140625 0.061274509374999994 0.7173202609375 0.05392156875 0.7369281046875 0.061274509374999994 0.76633986875 0.10294117656249999 0.7794117640625 0.1078431375 0.7892156859375 0.0588235296875 0.7810457515625 0 0.6388888890625 0
0 0.7973856203125 0 0.795751634375 0.007352940625 0.784313725 0 0.7908496734375 0.0245098046875 0.794117646875 0.098039215625 0.8006535953125 0.11519607812499999 0.812091503125 0.12254902031249999 0.830065359375 0.0931372546875 0.8643790843750001 0.0735294125 0.9052287578125 0.0735294125 0.9444444437499999 0.0931372546875 0.955882353125 0.0686274515625 0.955882353125 0.0318627453125 0.9444444437499999 0 0.7973856203125 0
0 0.87418300625 0.20588235312499997 0.8986928109375001 0.17892156875 0.9754901953124999 0.169117646875 0.9673202609375 0.134803921875 0.9493464046875 0.1078431375 0.9232026140625 0.0857843140625 0.8970588234375001 0.0759803921875 0.846405228125 0.08333333281250001 0.8218954249999999 0.1078431375 0.810457515625 0.134803921875 0.8006535953125 0.1813725484375 0.828431371875 0.2181372546875 0.848039215625 0.259803921875 0.87418300625 0.20588235312499997
0 0.9477124187499999 0 0.9624183000000001 0.0661764703125 0.9983660125 0.0563725484375 0.9983660125 0 0.9477124187499999 0
0 0.9983660125 0.17892156875 0.9983660125 0.061274509374999994 0.972222221875 0.07107843124999999 0.9526143796875 0.0955882359375 0.954248365625 0.1127450984375 0.9754901953124999 0.151960784375 0.9754901953124999 0.171568628125 0.9983660125 0.17892156875
0 0.9281045750000001 0.32107843125 0.965686275 0.3431372546875 0.9983660125 0.3799019609375 0.9983660125 0.186274509375 0.954248365625 0.171568628125 0.9003267968750001 0.17892156875 0.8774509796875 0.20098039218750002 0.8578431375 0.242647059375 0.8513071890624999 0.2720588234375 0.8578431375 0.3333333328125 0.8986928109375001 0.3186274515625 0.9281045750000001 0.32107843125