0 0.648606584375 0 0.64987093125 0.0061896828125 0.65434836875 0.011043520312500001 0.6842410390625 0.0007459921875 0.7167123 0.006729040625 0.74974926875 0.0358007078125 0.7771576875 0.072255865625 0.7843935 0.071109825 0.7893204 0.020262525 0.8003111484375 0 0.648606584375 0
0 0.803405075 0 0.79431749375 0.016689565625 0.788960828125 0.0648234375 0.793258478125 0.09195773125 0.8010139484375 0.08238489375 0.8254797593750001 0.07294689531250001 0.8679452078125 0.0717840234375 0.8746613625 0.07906478125000001 0.9030849546875 0.08290742031250001 0.9296096984375 0.098176796875 0.9466177703125 0.1236070140625 0.9270403421875001 0 0.803405075 0
0 0.9222248921875 0.285706775 0.917387884375 0.32541384687499997 0.921775428125 0.34140791406250004 0.9751844890625 0.3273857546875 0.978901571875 0.327438909375 0.96053738125 0.21149198125000002 0.9575641234375001 0.21613514375 0.9475699359374999 0.22328106406249998 0.9292107250000001 0.2595668484375 0.9222248921875 0.285706775
0 0.801873478125 0.087811753125 0.7999746328125 0.099238490625 0.7909298671875 0.10067104062500001 0.7758486921875 0.122530146875 0.76058773125 0.166669709375 0.7579894406250001 0.208803703125 0.800025125 0.204927403125 0.8374035875000001 0.21847771875 0.8625491453125 0.236747034375 0.9067139546874999 0.30485245 0.9121408125 0.30399292031249997 0.9330084187500001 0.236713371875 0.9587792515625001 0.20039158750000002 0.9481048937500001 0.1329963421875 0.9241828375000001 0.0990363265625 0.8593302093749999 0.075930003125 0.8263392890624999 0.078373753125 0.801873478125 0.087811753125
0 0.7855030078125 0.101530571875 0.7815452296875 0.0882499328125 0.7565794593749999 0.0477001625 0.72971484375 0.018577128125 0.690527428125 0.0053133203125 0.6742468500000001 0.0078919109375 0.64926138125 0.0257567078125 0.6377981109374999 0.0470427953125 0.63770821875 0.058183025 0.62986285625 0.078896090625 0.6320116812500001 0.09246323749999999 0.6364891187499999 0.09731707656250001 0.6689603796875 0.10330012343749999 0.7040102296875 0.12556375 0.7339730953125 0.1625405609375 0.7463660859375 0.193955675 0.7530822406250001 0.20123643281249998 0.756969825 0.1672427296875 0.766714034375 0.135102925 0.773180209375 0.1173897984375 0.7855030078125 0.101530571875
0 0.6016497453125 0 0.6074054828125 0.0073525531249999995 0.6082650125 0.0127794125 0.61050373125 0.0152063328125 0.6130823203125 0.031486909375 0.6228967234375 0.046621446875 0.62418601875 0.054761734375 0.6286634531249999 0.059615575 0.62909321875 0.062329003125000004 0.63280101875 0.0506157546875 0.6328909109375 0.0394755265625 0.6392671937500001 0.032902628125 0.6447839453124999 0.0209028703125 0.6465928984375 0.0206163609375 0.6475423218749999 0.014902990625000001 0.6451819203125 0 0.6016497453125 0
0 0.46064914687499997 0 0.44098550000000003 0.003114415625 0.4319370421875 0.0351440234375 0.43132749062500003 0.0547110515625 0.4437007828125 0.14454073437499998 0.495460975 0.1669391984375 0.52999116875 0.197629621875 0.544892559375 0.198050971875 0.56601014375 0.1557653078125 0.5938438828125 0.1207604046875 0.621587728125 0.09689572656249999 0.6244359984375001 0.0797556203125 0.617290078125 0.0697614328125 0.6197085828125 0.0499078953125 0.6121328984375001 0.037200278125 0.6086947781250001 0.0154928421875 0.5976172796875 0 0.46064914687499997 0
0 0.7512732875 0.20152294375 0.7321641421875 0.162827071875 0.6936761703125 0.118856009375 0.6554381765625 0.0998788359375 0.6351099296875 0.10031701562499999 0.601509459375 0.1223277921875 0.5686786265625 0.1609056578125 0.5482407859375 0.23089863593749999 0.5493502953125 0.2613193796875 0.575105403125 0.2600216703125 0.6079165343749999 0.2798583765625 0.6423568359375 0.321689028125 0.6637047 0.36281181875 0.665853525 0.376378965625 0.6829936328125 0.3792272359375 0.702751728125 0.2815269421875 0.71973175 0.248241096875 0.7511833953125 0.21266317343750002 0.7512732875 0.20152294375
0 0.9131604296875 0.34555389375 0.9066240593750001 0.315992678125 0.8901833968749999 0.28243715625 0.8467882250000001 0.2308988265625 0.7932190796875 0.20878687187499997 0.7556608312499999 0.21751701093750003 0.725158609375 0.2473815671875 0.7012826484375 0.29566710937499996 0.6921984828125 0.41392879843749997 0.76066901875 0.43646210312499994 0.7974379296875 0.469579446875 0.82602160625 0.5095561984375 0.8384145984375 0.5409713125 0.8460801765625 0.5425387015625 0.8570237875 0.5296794140625 0.8594619890624999 0.45141130625 0.9131604296875 0.34555389375
0 1 0.46064914375 0.980091690625 0.3349530234375 0.943482865625 0.33796979375 0.9176378640625 0.35040773281250004 0.8989387843750001 0.372839859375 0.8644590843750001 0.4478383484375 0.858672653125 0.493258790625 0.8641697046875001 0.5396736015625 0.92515445 0.5383590593750001 0.952628615625 0.5479150671874999 1 0.5841295328125 1 0.46064914375
0 1 0.5892131593750001 0.9512494281249999 0.55091500625 0.9201573546875 0.5419320187500001 0.8658887656250001 0.5505273203125001 0.8166874625 0.6028240015625 0.786864984375 0.660395871875 0.7786600499999999 0.7256698515625 0.7840672093750001 0.783224890625 0.8043757578124999 0.8412012796875 0.8330493265625 0.870037803125 0.8508691781250001 0.9005933875000001 0.9166712312499999 0.9179863421875 0.9428504734375001 0.9360919390625 1 0.9270403437500001 1 0.5892131593750001
0 0.39666800625 0.1519899953125 0.43784415781249997 0.1426868359375 0.4295185375 0.0549975609375 0.439691403125 0.0033193812500000005 0.3187585859375 0.02247325625 0.31055740468750004 0.07662065 0.31390563125000004 0.10946831562499999 0.363067534375 0.17400077187500002 0.39666800625 0.1519899953125
0 0.36211811250000003 0.17971414218749998 0.35859009999999997 0.16914693281249998 0.33043618750000003 0.13188360937500002 0.2801450765625 0.09534497812500001 0.2372498625 0.0937944203125 0.21183462656250002 0.1089457890625 0.1934754171875 0.145231571875 0.1808829390625 0.19451148437500002 0.18328174531250002 0.23307251875 0.2262668515625 0.2234828484375 0.2492635828125 0.228185015625 0.284313434375 0.25044864218749996 0.332186040625 0.306840809375 0.3414302921875 0.22471323437500001 0.36211811250000003 0.17971414218749998
0 0.542544246875 0.26517884999999997 0.5334292890625 0.2193370578125 0.5026068953125 0.1769333875 0.4864162125 0.1683717484375 0.4282797359375 0.15254618281250001 0.37710939374999997 0.16899526250000002 0.348755996875 0.21242696562500002 0.3384022375 0.264133796875 0.34414926874999996 0.33554249375 0.3538737765625 0.36181725937500003 0.4006368765625 0.3877886828125 0.4543661109375 0.44603475000000004 0.4540459375 0.373766525 0.46336038124999995 0.338913290625 0.4793909796875 0.31134081406249997 0.542544246875 0.26517884999999997
0 0.669541625 0.42308028750000004 0.666193396875 0.3902326234375 0.6365002109375 0.319835128125 0.6087760656250001 0.285285234375 0.5759649328124999 0.26544852812499997 0.53797691875 0.2714652390625 0.507564590625 0.2901895671875 0.46654852187499996 0.335626840625 0.4548155734375 0.3903336109375 0.46013284062500004 0.459028878125 0.47657350468750004 0.49258440156249994 0.528333696875 0.5149828656250001 0.570439575 0.5583809078125 0.583032053125 0.5091009953125 0.60914673125 0.4632423734375 0.626466625 0.4438101859375 0.669541625 0.42308028750000004
0 0.837805046875 0.5605383374999999 0.832128209375 0.5364039828125 0.798727225 0.47771973437500004 0.7372425218750001 0.4290465046875 0.6740190593750001 0.42793412656249996 0.61776173125 0.45909639375 0.5870797234375 0.5112414046875 0.5749170109375 0.5632347453125 0.6271377625000001 0.7524501203125 0.6379015875 0.7618712890625 0.698026803125 0.7551298875 0.7412618875 0.7705341046874999 0.7571127 0.765242084375 0.7745224859375 0.7346696703125 0.7837667359375 0.6525420937499999 0.837805046875 0.5605383374999999
0 0.776901590625 0.831645271875 0.7727640265625 0.8406450921875 0.7556239203125 0.837796821875 0.7462392828125 0.8253757140625 0.752365584375 0.7938089296874999 0.720933640625 0.770972284375 0.6898415671875 0.7619892984375001 0.6378116953124999 0.7730115171875 0.599554003125 0.8124489109375 0.57188035 0.8835879312499999 0.5710011203125 0.936575640625 0.5823284890625 0.9931930109374999 0.7632870390625001 0.9645319921875 0.79099394375 0.9323286734374999 0.84268394375 0.9074527968749999 0.832099903125 0.8757511734375001 0.776901590625 0.831645271875
0 0.5393508546875 1 0.5745993265625 0.994417190625 0.5621361421875 0.915727734375 0.5394989812500001 0.8664646546875 0.4750059234375 0.7987974171875 0.412821778125 0.78083144375 0.36578900000000003 0.7882807046875 0.31159060156249996 0.844150346875 0.284346715625 0.91800279375 0.273473296875 0.9781364234375 0.276008434375 1 0.5393508546875 1
0 0.2689298140625 1 0.2689958625 0.9732825843749999 0.2581618421875 0.916587075 0.22295190625 0.8581893359375 0.1780876515625 0.8207911749999999 0.1293358140625 0.8173867171874999 0.094715728125 0.797836521875 0.0419192484375 0.8040185687499999 0.0729596578125 1 0.2689298140625 1
0 0.6001130609375 0.6871929734375 0.585840921875 0.6087900281249999 0.573018165625 0.574661484375 0.5515804078125 0.5446789203125 0.5004297656250001 0.5027134296875 0.40688386562499995 0.50918515 0.386465725 0.5207635609375 0.35026696562500004 0.5849083296875001 0.3418120515625 0.6251884234375 0.34093282343750003 0.678176134375 0.35925263125 0.7587194890625 0.3699265640625 0.7792808859375 0.43857688437500003 0.7795337328125 0.47414639375 0.793370559375 0.5538807125 0.875312803125 0.56473443125 0.8735937421875001 0.5860318015625 0.8090276234375 0.6051606484375001 0.789308925 0.5975849640625001 0.7766013078125 0.60353148125 0.767314978125 0.6001130609375 0.6871929734375
0 0.3626907515625 0.7804269265625 0.3368851515625 0.676035725 0.3056329921875 0.6309186234374999 0.274201046875 0.6080819796875 0.2106377125 0.59311594375 0.1766973703125 0.6012730640624999 0.1425772421875 0.6317106375 0.11913104687500001 0.682709609375 0.1063587828125 0.754269978125 0.10961711562500001 0.7982578703125001 0.1302852375 0.811673346875 0.17541916875000002 0.815650825 0.200134959375 0.8312067109375001 0.2502462875 0.8900257999999999 0.2733132109375 0.9420023093750001 0.309351884375 0.8417234265625 0.3626907515625 0.7804269265625
0 0.021770625 0.6768051703125 0.0441661578125 0.818204996875 0.0924770109375 0.7954096015625 0.082412628125 0.7552811796875 0.042725256249999996 0.6920296015625 0.021770625 0.6768051703125
0 0 0.5393508515625001 0.0205529578125 0.669117121875 0.0369585234375 0.6790354734374999 0.074497071875 0.728719903125 0.08173288437500001 0.7275738640625 0.096274703125 0.772556125 0.11413395156249999 0.6862825703125 0.1371503828125 0.6325701671874999 0.16403469843750002 0.6032786328124999 0.2057305109375 0.585548675 0.1992840359375 0.54484723125 0.1601163203125 0.47316885624999994 0.126965315625 0.4394784921875 0.0796825578125 0.42193386874999994 0.040745121875 0.433663946875 0.0116220875 0.46052856249999996 0 0.48296484062499995 0 0.5393508515625001
0 0.46210188125 0.4948764828125 0.4524672625 0.4574614890625 0.41673766875 0.4074905484375 0.379019334375 0.380086575 0.34473911875 0.3743900375 0.2912401671875 0.399552425 0.25384200468749996 0.44441667812499996 0.23512322343749997 0.5252633734375001 0.2388113234375 0.5719646953125 0.2472465375 0.5900991734375001 0.28548452968750004 0.609076346875 0.333017265625 0.651614859375 0.3522557046875 0.5623413640625 0.3874151484375 0.515050190625 0.46210188125 0.4948764828125
0 0.3420706359375 0.3692496890625 0.3302871953125 0.318267546875 0.305321425 0.277717775 0.26588403125000004 0.23946008437500002 0.2307442875 0.2283366859375 0.1999920859375 0.23320735625000003 0.1618242859375 0.2615045234375 0.1365691375 0.31279000468749996 0.1294035203125 0.3612103859375 0.1402375375 0.41790589687499996 0.1829332671875 0.5001514796875 0.22788741093749998 0.5264094140625 0.252982475 0.43898981875 0.2676338859375 0.4144172828125 0.3420706359375 0.3692496890625
0 0.2127840484375 0.10323241875 0.2332021890625 0.0916540109375 0.2833332171875 0.09205852812500001 0.307189478125 0.10218755625 0.3122961640625 0.029059800000000004 0.3114366328125 0.023632940625 0.1533039921875 0.048678690625 0.1544677890625 0.10968731093749999 0.17391680625 0.162236840625 0.1875289 0.1545179 0.2127840484375 0.10323241875
0 0 0.166766971875 0.028610714062499997 0.1463100984375 0.073834540625 0.13914734687500002 0.115260671875 0.1548380734375 0.14031633593749998 0.1842476171875 0.1516897109375 0.174101759375 0.15591716875 0.1539617125 0.1466421234375 0.0719858078125 0.1489926546875 0.0493615390625 0.141998034375 0.050469378125 0.13820691093749998 0.05385133125 0.1371741625 0.0512334046875 0 0.0729596578125 0 0.166766971875
0 0 0.26347761875 0.054326421874999996 0.2618415265625 0.0861881328125 0.2873916015625 0.1245862109375 0.342502890625 0.13898764218749998 0.29293646875 0.1632933671875 0.24736435625 0.1442741140625 0.1975282546875 0.126884028125 0.1696861015625 0.0954520828125 0.1468494546875 0.03808524375 0.147590978125 0.0108610578125 0.1630288546875 0 0.17559199375 0 0.26347761875
0 0 0.46937053593750006 0.0089536046875 0.4553882140625 0.0466916390625 0.42437761875 0.078823028125 0.4165070078125 0.1266254421875 0.4256248359375 0.1231171296875 0.3566430578125 0.11072413750000001 0.32522794374999997 0.081710696875 0.28253776249999996 0.05251746875 0.2621280375 0 0.26326006562500004 0 0.46937053593750006