0 0.8976923078124999 0.466527196875 0.90076923125 0.4518828453125 0.8976923078124999 0.42364016718749997 0.8915384609375 0.408995815625 0.8769230765625 0.3922594140625 0.8676923078125001 0.3891213390625 0.85 0.3891213390625 0.836153846875 0.3964435140625 0.8292307687499999 0.40376569062499995 0.82 0.43096234375 0.82 0.4550209203125 0.8446153843750001 0.463389121875 0.8884615390624999 0.472803346875 0.8976923078124999 0.466527196875
0 0.7523076921875 0.4592050203125 0.7630769234375 0.4592050203125 0.77076923125 0.44351464375000005 0.7976923078125 0.44874477031250004 0.8061538468749999 0.42468619218750003 0.8030769234375 0.3974895390625 0.78 0.37447698749999997 0.765384615625 0.3723849375 0.75076923125 0.3776150625 0.74 0.3891213390625 0.7330769234375001 0.40376569062499995 0.7315384609375 0.43200836875000004 0.735384615625 0.44456066875 0.7384615390625 0.45083682031250005 0.7523076921875 0.4592050203125
0 0.7184615390625 0.43619246875 0.7246153843750001 0.42677824218750005 0.72923076875 0.404811715625 0.723846153125 0.38389121406250004 0.7176923078125 0.3723849375 0.70076923125 0.35983263593750003 0.6853846156250001 0.3619246859375 0.6730769234375 0.3692468625 0.6615384609375 0.38389121406250004 0.6576923078125 0.3953974890625 0.65923076875 0.4215481171875 0.6676923078125 0.43514644375 0.6930769234375 0.44246861875 0.7184615390625 0.43619246875
0 0.6484615390624999 0.408995815625 0.6484615390624999 0.37656903750000004 0.6430769234375 0.3619246859375 0.6261538468750001 0.345188284375 0.6023076921875 0.345188284375 0.5900000000000001 0.3577405859375 0.585384615625 0.3692468625 0.585384615625 0.3953974890625 0.596153846875 0.41317991562499995 0.6307692312500001 0.4215481171875 0.6484615390624999 0.408995815625
0 0.565384615625 0.3974895390625 0.58076923125 0.3922594140625 0.5869230765625 0.35669456093749996 0.583846153125 0.342050209375 0.57076923125 0.3253138078125 0.563846153125 0.3211297078125 0.5484615390625 0.3211297078125 0.5353846156250001 0.3294979078125 0.5269230765625 0.34309623437500003 0.524615384375 0.3525104609375 0.5253846156249999 0.3713389125 0.54076923125 0.3943514640625 0.565384615625 0.3974895390625
0 0.514615384375 0.34937238437499996 0.5230769234375 0.34937238437499996 0.534615384375 0.3284518828125 0.55 0.31589958125 0.5523076921875 0.30753138125 0.5484615390625 0.283472803125 0.5369230765624999 0.26987447656249997 0.5230769234375 0.26359832656250004 0.5084615390625 0.2646443515625 0.494615384375 0.283472803125 0.48923076875 0.2960251046875 0.4884615390625 0.30648535625 0.4930769234375 0.3232217578125 0.504615384375 0.34309623437500003 0.514615384375 0.34937238437499996
0 0.48230769218749997 0.284518828125 0.495384615625 0.279288703125 0.506153846875 0.26046025156249997 0.50923076875 0.22175732187500002 0.49846153906249996 0.20397489531250002 0.48923076875 0.1976987453125 0.4776923078125 0.1976987453125 0.465384615625 0.20397489531250002 0.4569230765625 0.214435146875 0.45153846093750005 0.2343096234375 0.45076923124999996 0.24372385 0.4576923078125 0.2594142265625 0.474615384375 0.281380753125 0.48230769218749997 0.284518828125
0 0.5084615390625 0.2646443515625 0.52076923125 0.2625523015625 0.5315384609375 0.2667364015625 0.54076923125 0.274058578125 0.54923076875 0.283472803125 0.5523076921875 0.283472803125 0.5569230765625 0.26359832656250004 0.5576923078125 0.2405857734375 0.556153846875 0.2322175734375 0.5515384609375 0.225941421875 0.54076923125 0.217573221875 0.5330769234375 0.215481171875 0.515384615625 0.217573221875 0.5107692312500001 0.223849371875 0.51 0.2364016734375 0.5069230765625 0.25313807499999996 0.5069230765625 0.2625523015625 0.5084615390625 0.2646443515625
0 0.4915384609375 0.1976987453125 0.4969230765625 0.20188284531249998 0.5030769234375 0.21129707187500002 0.5123076921874999 0.21966527187499998 0.52076923125 0.216527196875 0.5323076921875 0.216527196875 0.5369230765624999 0.213389121875 0.5369230765624999 0.19246861875000001 0.53 0.1788702921875 0.524615384375 0.1736401671875 0.513846153125 0.1673640171875 0.5015384609375 0.1673640171875 0.4969230765625 0.1642259421875 0.4930769234375 0.1694560671875 0.49230769218750003 0.18200836874999998 0.4884615390625 0.18933054375 0.48769230781250006 0.1966527203125 0.4915384609375 0.1976987453125
0 0.573846153125 0.31171548125 0.5930769234375 0.31380753125 0.6030769234375 0.30753138125 0.6076923078124999 0.3012552296875 0.61 0.2939330546875 0.60923076875 0.288702928125 0.61076923125 0.274058578125 0.616153846875 0.25523012500000003 0.613846153125 0.25 0.60923076875 0.246861925 0.6076923078124999 0.2405857734375 0.6030769234375 0.23535564843749998 0.596153846875 0.2332635984375 0.57923076875 0.2343096234375 0.575384615625 0.23535564843749998 0.565384615625 0.24790795000000002 0.5599999999999999 0.2656903765625 0.55923076875 0.279288703125 0.5615384609375 0.2928870296875 0.5669230765625 0.30543933125 0.573846153125 0.31171548125
0 0.5676923078125 0.24267782499999999 0.5723076921875 0.2364016734375 0.58 0.2322175734375 0.6030769234375 0.2322175734375 0.6084615390625 0.2092050203125 0.6076923078124999 0.2008368203125 0.6023076921875 0.18723849374999998 0.5946153843750001 0.1788702921875 0.5876923078125 0.1757322171875 0.576153846875 0.1757322171875 0.566153846875 0.17991631875 0.555384615625 0.19351464375 0.5523076921875 0.2029288703125 0.55076923125 0.21129707187500002 0.55076923125 0.222803346875 0.5630769234375 0.24267782499999999 0.5676923078125 0.24267782499999999
0 0.546153846875 0.19456066875 0.5523076921875 0.1956066953125 0.565384615625 0.17991631875 0.57923076875 0.1725941421875 0.5823076921875 0.1725941421875 0.5846153843749999 0.1694560671875 0.5846153843749999 0.14330543906249998 0.5784615390625001 0.1286610875 0.57076923125 0.12133891249999999 0.554615384375 0.1202928875 0.546153846875 0.12238493749999999 0.5376923078125 0.1307531375 0.5338461531250001 0.1412133890625 0.5330769234375 0.1673640171875 0.534615384375 0.17468619218749998 0.53923076875 0.18723849374999998 0.546153846875 0.19456066875
0 0.595384615625 0.149581590625 0.59923076875 0.149581590625 0.6069230765625 0.1359832640625 0.615384615625 0.1297071125 0.6323076921874999 0.12656903749999998 0.6330769234375 0.1066945609375 0.6307692312500001 0.092050209375 0.625384615625 0.0826359828125 0.616153846875 0.0753138078125 0.6061538468750001 0.0732217578125 0.5915384609375 0.0774058578125 0.5869230765625 0.0815899578125 0.5784615390625001 0.10041840937499999 0.5784615390625001 0.1234309625 0.583846153125 0.1380753140625 0.5915384609375 0.1474895390625 0.595384615625 0.149581590625
0 0.625384615625 0.18200836874999998 0.6376923078125001 0.1663179921875 0.6476923078125 0.160041840625 0.6492307687500001 0.153765690625 0.646153846875 0.14330543906249998 0.6376923078125001 0.13389121406249999 0.6207692312499999 0.1286610875 0.60923076875 0.1349372390625 0.5976923078125 0.160041840625 0.5969230765625 0.1778242671875 0.6123076921874999 0.20188284531249998 0.6192307687499999 0.19874477031249999 0.625384615625 0.18200836874999998
0 0.6230769234375 0.21966527187499998 0.6215384609375 0.2008368203125 0.613846153125 0.2029288703125 0.6069230765625 0.21861924687499998 0.6061538468750001 0.23535564843749998 0.6176923078125001 0.25418409999999997 0.6369230765625 0.24372385 0.6230769234375 0.21966527187499998
0 0.63 0.32635983281250003 0.6384615390625 0.3274058578125 0.6523076921875 0.30753138125 0.67 0.2981171546875 0.6669230765624999 0.2625523015625 0.6576923078125 0.25 0.6376923078125001 0.246861925 0.6230769234375 0.25313807499999996 0.6169230765625 0.2583682015625 0.6115384609375 0.276150628125 0.61076923125 0.2991631796875 0.6184615390625 0.30543933125 0.6207692312499999 0.32008368125 0.63 0.32635983281250003
0 0.65923076875 0.246861925 0.67076923125 0.2405857734375 0.6784615390625001 0.2322175734375 0.686153846875 0.2102510453125 0.686153846875 0.19351464375 0.6799999999999999 0.18200836874999998 0.6723076921875 0.17154811718750002 0.6584615390625 0.162133890625 0.65 0.161087865625 0.64076923125 0.16527196718749998 0.6276923078125 0.17991631875 0.6230769234375 0.19142259374999998 0.6207692312499999 0.1997907953125 0.6230769234375 0.21966527187499998 0.64 0.24476987499999997 0.65923076875 0.246861925
0 0.66923076875 0.3713389125 0.6799999999999999 0.3629707109375 0.7023076921875 0.35669456093749996 0.7030769234375 0.338912134375 0.6976923078125 0.3211297078125 0.68923076875 0.30962343125 0.6776923078125 0.3012552296875 0.6669230765624999 0.3002092046875 0.6553846156249999 0.30648535625 0.645384615625 0.31589958125 0.63923076875 0.3294979078125 0.6376923078125001 0.350418409375 0.653846153125 0.3849372390625 0.6615384609375 0.3828451890625 0.66923076875 0.3713389125
0 0.7515384609375 0.37552301250000003 0.765384615625 0.3713389125 0.77923076875 0.3723849375 0.78 0.3692468625 0.7784615390625 0.3546025109375 0.7715384609375 0.336820084375 0.765384615625 0.3284518828125 0.7523076921875 0.32008368125 0.7376923078125001 0.32008368125 0.7246153843750001 0.3284518828125 0.71 0.3556485359375 0.71 0.3629707109375 0.7230769234375 0.3807531375 0.7315384609375 0.402719665625 0.7515384609375 0.37552301250000003
0 0.7115384609375 0.34309623437500003 0.7323076921875 0.3211297078125 0.7515384609375 0.31903765625 0.753846153125 0.31589958125 0.754615384375 0.2907949796875 0.7423076921875 0.2656903765625 0.7330769234375001 0.2583682015625 0.72 0.25627615000000004 0.6915384609374999 0.28033472812500004 0.6900000000000001 0.30648535625 0.7 0.3221757328125 0.704615384375 0.3357740578125 0.7115384609375 0.34309623437500003
0 0.6799999999999999 0.27092050156249997 0.6930769234375 0.278242678125 0.704615384375 0.2646443515625 0.7192307687499999 0.25523012500000003 0.7276923078124999 0.25418409999999997 0.73 0.2343096234375 0.725384615625 0.21861924687499998 0.7146153843749999 0.20397489531250002 0.7 0.1966527203125 0.6876923078125 0.1966527203125 0.6830769234375 0.224895396875 0.67 0.24372385 0.6715384609374999 0.25627615000000004 0.6799999999999999 0.27092050156249997
0 0.7869230765624999 0.35878661093750003 0.7930769234375 0.34937238437499996 0.8076923078125 0.3347280328125 0.8207692312500001 0.3284518828125 0.8230769234374999 0.3305439328125 0.8269230765625 0.3294979078125 0.8184615390625 0.32635983281250003 0.8184615390625 0.30543933125 0.81923076875 0.2981171546875 0.8215384609375 0.2939330546875 0.8130769234375 0.285564853125 0.8123076921875001 0.281380753125 0.813846153125 0.279288703125 0.8123076921875001 0.278242678125 0.8030769234375 0.275104603125 0.794615384375 0.275104603125 0.7830769234375 0.279288703125 0.776153846875 0.284518828125 0.77076923125 0.2918410046875 0.7669230765624999 0.3043933046875 0.7669230765624999 0.32635983281250003 0.7784615390625 0.345188284375 0.7830769234375 0.35878661093750003 0.7869230765624999 0.35878661093750003
0 0.8084615390625001 0.4257322171875 0.8115384609375 0.4278242671875 0.81923076875 0.4278242671875 0.8269230765625 0.40794979062500003 0.8376923078124999 0.3943514640625 0.85923076875 0.3849372390625 0.8576923078125 0.3682008375 0.8530769234375001 0.35669456093749996 0.8446153843750001 0.345188284375 0.8253846156250001 0.3336820078125 0.813846153125 0.3336820078125 0.8023076921875001 0.342050209375 0.7923076921875001 0.3535564859375 0.7853846156250001 0.3682008375 0.784615384375 0.37656903750000004 0.7984615390625 0.3891213390625 0.804615384375 0.399581590625 0.8084615390625001 0.4257322171875
0 0.8515384609375 0.3315899578125 0.8446153843750001 0.3315899578125 0.8438461531250001 0.342050209375 0.856153846875 0.35983263593750003 0.8607692312499999 0.3828451890625 0.8653846156249999 0.3859832640625 0.8823076921874999 0.3891213390625 0.8984615390625 0.3817991625 0.9076923078125001 0.3682008375 0.914615384375 0.346234309375 0.915384615625 0.3221757328125 0.9115384609375001 0.31276150625 0.9023076921875001 0.3023012546875 0.8923076921875 0.2981171546875 0.8876923078125 0.3012552296875 0.8876923078125 0.2949790796875 0.8846153843750001 0.2939330546875 0.8530769234375001 0.2949790796875 0.8507692312499999 0.2981171546875 0.853846153125 0.30648535625 0.85 0.3232217578125 0.8530769234375001 0.3274058578125 0.8515384609375 0.3315899578125
0 0.9184615390624999 0.3294979078125 0.923846153125 0.3315899578125 0.936153846875 0.3315899578125 0.96 0.31799163125 0.973846153125 0.30334727968749997 0.9784615390625 0.287656903125 0.9761538468750001 0.2667364015625 0.9669230765625001 0.251046025 0.9584615390625 0.24267782499999999 0.9400000000000001 0.23535564843749998 0.9284615390625 0.23849372343750003 0.9184615390624999 0.246861925 0.9030769234375 0.2646443515625 0.8976923078124999 0.28033472812500004 0.896153846875 0.2981171546875 0.9061538468749999 0.30334727968749997 0.9161538468750001 0.31903765625 0.9184615390624999 0.3294979078125
0 0.8400000000000001 0.2949790796875 0.8815384609375 0.2907949796875 0.8884615390624999 0.27301255156250004 0.8876923078125 0.257322175 0.8823076921874999 0.24372385 0.8699999999999999 0.22907949843750003 0.855384615625 0.222803346875 0.84076923125 0.223849371875 0.8246153843749999 0.23535564843749998 0.8146153843749999 0.2625523015625 0.813846153125 0.276150628125 0.8230769234374999 0.282426778125 0.8284615390625 0.2928870296875 0.8400000000000001 0.2949790796875
0 0.896153846875 0.2625523015625 0.904615384375 0.26046025156249997 0.9069230765625 0.25313807499999996 0.9161538468750001 0.24267782499999999 0.9353846156250001 0.2332635984375 0.9392307687500001 0.223849371875 0.9400000000000001 0.2092050203125 0.9353846156250001 0.19142259374999998 0.9184615390624999 0.1684100421875 0.9030769234375 0.16527196718749998 0.886153846875 0.1705020921875 0.875384615625 0.18200836874999998 0.8676923078125001 0.1997907953125 0.8676923078125001 0.224895396875 0.8800000000000001 0.23744769843750002 0.8915384609375 0.26046025156249997 0.896153846875 0.2625523015625
0 0.9438461531250001 0.2102510453125 0.966153846875 0.21234309687500003 0.9753846156250001 0.2060669453125 0.985384615625 0.19246861875000001 0.9869230765625 0.18514644375 0.9846153843750001 0.1767782421875 0.954615384375 0.1464435140625 0.953846153125 0.1244769875 0.934615384375 0.13389121406249999 0.9215384609375 0.156903765625 0.9207692312500001 0.1663179921875 0.9369230765625 0.18828451875000002 0.9392307687500001 0.20188284531249998 0.9438461531250001 0.2102510453125
0 0.8569230765625001 0.1966527203125 0.8676923078125001 0.1966527203125 0.886153846875 0.1684100421875 0.9061538468749999 0.162133890625 0.9061538468749999 0.14330543906249998 0.9015384609374999 0.1297071125 0.895384615625 0.12133891249999999 0.8776923078125 0.1129707109375 0.8530769234375001 0.1202928875 0.8415384609375 0.13389121406249999 0.8384615390624999 0.1422594140625 0.836153846875 0.149581590625 0.8384615390624999 0.1757322171875 0.845384615625 0.18828451875000002 0.8569230765625001 0.1966527203125
0 0.7815384609375 0.279288703125 0.805384615625 0.27301255156250004 0.8084615390625001 0.24476987499999997 0.7984615390625 0.22071129687500002 0.784615384375 0.213389121875 0.7730769234375 0.21234309687500003 0.7576923078125 0.217573221875 0.7430769234375 0.25313807499999996 0.7423076921875 0.26359832656250004 0.7553846156249999 0.288702928125 0.7669230765624999 0.2949790796875 0.7815384609375 0.279288703125
0 0.7484615390625 0.214435146875 0.7769230765625 0.2102510453125 0.7823076921875 0.19456066875 0.7784615390625 0.1736401671875 0.7676923078125 0.157949790625 0.756153846875 0.150627615625 0.733846153125 0.155857740625 0.7223076921875 0.1705020921875 0.7169230765625 0.18514644375 0.7161538468749999 0.1966527203125 0.72 0.2071129703125 0.7323076921875 0.22071129687500002 0.7484615390625 0.214435146875
0 0.7115384609375 0.1976987453125 0.713846153125 0.18933054375 0.7130769234375001 0.1725941421875 0.706153846875 0.154811715625 0.6984615390625 0.1453974890625 0.6815384609375 0.1422594140625 0.666153846875 0.148535565625 0.6584615390625 0.157949790625 0.6584615390625 0.162133890625 0.66923076875 0.1684100421875 0.6869230765625 0.19351464375 0.7115384609375 0.1976987453125
0 0.74 0.151673640625 0.7569230765625 0.148535565625 0.7615384609375 0.1349372390625 0.7607692312500001 0.11820083749999999 0.7569230765625 0.1066945609375 0.743846153125 0.095188284375 0.7276923078124999 0.09623430937500001 0.7115384609375 0.10460251093749999 0.7 0.1255230125 0.69923076875 0.14330543906249998 0.715384615625 0.1705020921875 0.72 0.1705020921875 0.74 0.151673640625
0 0.796153846875 0.18619246875 0.8084615390625001 0.18514644375 0.8215384609375 0.1736401671875 0.8284615390625 0.160041840625 0.83076923125 0.1474895390625 0.8300000000000001 0.1317991625 0.823846153125 0.11820083749999999 0.804615384375 0.10564853593750001 0.7823076921875 0.1077405859375 0.7723076921875001 0.11924686250000001 0.765384615625 0.1370292890625 0.764615384375 0.150627615625 0.78 0.1736401671875 0.7823076921875 0.18200836874999998 0.796153846875 0.18619246875
0 0.8507692312499999 0.898535565625 0.8530769234375001 0.905857740625 0.8607692312499999 0.903765690625 0.8569230765625001 0.8933054390624999 0.845384615625 0.8797071125 0.8284615390625 0.8713389125000001 0.8169230765625001 0.8702928875 0.8023076921875001 0.8723849375 0.7923076921875001 0.8786610874999999 0.7815384609375 0.898535565625 0.7823076921875 0.905857740625 0.8376923078124999 0.905857740625 0.8423076921874999 0.899581590625 0.8507692312499999 0.898535565625
0 0.8738461531249999 0.8629707109375 0.8807692312500001 0.8640167359375001 0.89076923125 0.8587866109375 0.9130769234375 0.8326359828125 0.9184615390624999 0.8200836812500001 0.9176923078125 0.8002092046874999 0.904615384375 0.7656903765624999 0.8884615390624999 0.7468619249999999 0.874615384375 0.7395397484374999 0.864615384375 0.7384937234375 0.854615384375 0.7437238500000001 0.8315384609375001 0.7688284515625 0.823846153125 0.7824267781249999 0.8253846156250001 0.80648535625 0.8376923078124999 0.8326359828125 0.853846153125 0.851464434375 0.8738461531249999 0.8629707109375
0 0.774615384375 0.8723849375 0.79 0.8765690375 0.80923076875 0.8692468625 0.8176923078125 0.8598326359374999 0.8253846156250001 0.836820084375 0.826153846875 0.8148535562499999 0.82 0.7907949796875 0.8023076921875001 0.7656903765624999 0.7823076921875 0.7541841 0.77076923125 0.7541841 0.75076923125 0.7656903765624999 0.7423076921875 0.7803347281249999 0.7392307687499999 0.7970711296874999 0.74076923125 0.8221757328124999 0.7576923078125 0.8577405859375 0.774615384375 0.8723849375
0 0.804615384375 0.7029288703125001 0.8276923078125 0.7039748953125 0.8423076921874999 0.69246861875 0.8530769234375001 0.6705020921875 0.854615384375 0.6464435140625 0.85 0.6307531375 0.8338461531249999 0.6087866109375 0.8223076921875 0.6025104609375 0.8023076921875001 0.600418409375 0.7876923078125 0.6056485359375 0.774615384375 0.6202928875 0.76923076875 0.6338912140625 0.7684615390625 0.6527196656250001 0.7738461531249999 0.6715481171875 0.786153846875 0.69142259375 0.804615384375 0.7029288703125001
0 0.7423076921875 0.7625523015625 0.7553846156249999 0.7604602515625001 0.76923076875 0.7458159 0.7869230765624999 0.7395397484374999 0.79 0.7322175734374999 0.79 0.712343096875 0.786153846875 0.6966527203124999 0.7715384609375 0.6715481171875 0.756153846875 0.658995815625 0.743846153125 0.656903765625 0.7315384609375 0.663179915625 0.7176923078125 0.6778242671875 0.70923076875 0.69246861875 0.7084615390625 0.712343096875 0.7115384609375 0.7301255234374999 0.736153846875 0.7594142265625 0.7423076921875 0.7625523015625
0 0.7115384609375 0.654811715625 0.723846153125 0.660041840625 0.734615384375 0.657949790625 0.763846153125 0.6307531375 0.765384615625 0.6098326359375 0.7576923078125 0.5826359828125 0.7476923078125 0.56589958125 0.7315384609375 0.5523012546875 0.7123076921875 0.5533472796875001 0.6984615390625 0.56589958125 0.6876923078125 0.5847280328125 0.6869230765625 0.6046025109375 0.6900000000000001 0.6202928875 0.6961538468749999 0.6349372390625 0.7115384609375 0.654811715625
0 0.65 0.6182008375 0.6684615390624999 0.6140167359375 0.6776923078125 0.601464434375 0.6830769234375 0.5857740578125 0.6830769234375 0.56276150625 0.67923076875 0.5491631796875 0.67076923125 0.5397489546875 0.6430769234375 0.5303347281249999 0.6323076921874999 0.531380753125 0.6230769234375 0.537656903125 0.6123076921874999 0.56485355625 0.6130769234375 0.594142259375 0.624615384375 0.6098326359375 0.6376923078125001 0.6150627609375 0.65 0.6182008375
0 0.6823076921875 0.7196652718750001 0.68923076875 0.7029288703125001 0.6976923078125 0.7018828453125 0.7030769234375 0.69246861875 0.7076923078124999 0.6736401671875 0.7069230765625 0.657949790625 0.7030769234375 0.6464435140625 0.683846153125 0.6255230125 0.66923076875 0.6161087859375 0.6576923078125 0.6161087859375 0.6469230765625 0.6234309625 0.636153846875 0.6401673640625 0.63 0.658995815625 0.6292307687500001 0.68200836875 0.634615384375 0.6956066953125 0.6653846156250001 0.7228033468749999 0.6823076921875 0.7196652718750001
0 0.6969230765625001 0.80543933125 0.7069230765625 0.8148535562499999 0.713846153125 0.81171548125 0.7192307687499999 0.8033472796875 0.723846153125 0.779288703125 0.723846153125 0.7583682015625001 0.7184615390625 0.742677825 0.71 0.7374476984375 0.7084615390625 0.7322175734374999 0.69076923125 0.721757321875 0.67076923125 0.723849371875 0.6569230765625 0.7343096234375001 0.65076923125 0.75 0.6523076921875 0.774058578125 0.666153846875 0.775104603125 0.683846153125 0.783472803125 0.6969230765625001 0.80543933125
0 0.6484615390624999 0.899581590625 0.663846153125 0.904811715625 0.684615384375 0.9027196656250001 0.6976923078125 0.8933054390624999 0.704615384375 0.8661087859375 0.706153846875 0.8336820078124999 0.703846153125 0.8148535562499999 0.6853846156250001 0.7866108781250001 0.6623076921875 0.775104603125 0.6423076921875001 0.7803347281249999 0.625384615625 0.7991631796875 0.6192307687499999 0.81799163125 0.6207692312499999 0.8598326359374999 0.624615384375 0.8713389125000001 0.636153846875 0.8891213390624999 0.6484615390624999 0.899581590625
0 0.6876923078125 0.899581590625 0.6876923078125 0.903765690625 0.6923076921875 0.899581590625 0.694615384375 0.904811715625 0.7015384609375 0.905857740625 0.7523076921875 0.904811715625 0.756153846875 0.8922594140625 0.756153846875 0.8640167359375001 0.7523076921875 0.8493723843750001 0.74076923125 0.8315899578125 0.7323076921875 0.8242677828125 0.706153846875 0.8200836812500001 0.70923076875 0.8336820078124999 0.705384615625 0.8776150625 0.6984615390625 0.8953974890625 0.6876923078125 0.899581590625
0 0.5969230765625 0.8566945609375001 0.576153846875 0.8598326359374999 0.5700000000000001 0.8640167359375001 0.55923076875 0.8776150625 0.5515384609375 0.898535565625 0.5523076921875 0.905857740625 0.64 0.903765690625 0.624615384375 0.8765690375 0.5969230765625 0.8566945609375001
0 0.5700000000000001 0.8566945609375001 0.59923076875 0.8546025109375 0.615384615625 0.8378661093750001 0.6215384609375 0.8043933046875 0.6207692312499999 0.7918410046875 0.615384615625 0.774058578125 0.6069230765625 0.7594142265625 0.5923076921875 0.744769875 0.5815384609375001 0.7395397484374999 0.5669230765625 0.7395397484374999 0.55076923125 0.74790795 0.54 0.7667364015625 0.536153846875 0.781380753125 0.5353846156250001 0.8012552296875001 0.53923076875 0.8232217578125001 0.5569230765625 0.8493723843750001 0.5700000000000001 0.8566945609375001
0 0.616153846875 0.774058578125 0.6230769234375 0.7981171546875 0.6369230765625 0.7824267781249999 0.6276923078125 0.7730125515624999 0.616153846875 0.774058578125
0 0.5599999999999999 0.7437238500000001 0.5538461531250001 0.7384937234375 0.5330769234375 0.742677825 0.5323076921875 0.755230125 0.5350238468749999 0.791808578125 0.545384615625 0.7562761499999999 0.5599999999999999 0.7437238500000001
0 0.5523076921875 0.7353556484375 0.5646153843749999 0.716527196875 0.56923076875 0.6987447703125 0.5684615390625 0.68305439375 0.5646153843749999 0.6746861921875 0.5369230765624999 0.6443514640625 0.524615384375 0.6453974890625 0.5123076921874999 0.653765690625 0.5015384609375 0.6715481171875 0.4969230765625 0.6893305437499999 0.4969230765625 0.7008368203125 0.5184615390625 0.711297071875 0.5323076921875 0.7405857734375 0.5523076921875 0.7353556484375
0 0.47923076875000004 0.8190376562499999 0.49076923125 0.8211297078124999 0.5076923078125 0.8158995812500001 0.52076923125 0.8033472796875 0.5315384609375 0.785564853125 0.5330769234375 0.7667364015625 0.5307692312500001 0.7437238500000001 0.5215384609375 0.7196652718750001 0.51 0.7071129703125 0.4930769234375 0.7039748953125 0.47000000000000003 0.714435146875 0.45923076875 0.7290794984375 0.45307692343749995 0.7468619249999999 0.45153846093750005 0.775104603125 0.45384615312500004 0.7824267781249999 0.465384615625 0.80648535625 0.47923076875000004 0.8190376562499999
0 0.45076923124999996 0.8859832640624999 0.454615384375 0.8933054390624999 0.475384615625 0.905857740625 0.545384615625 0.905857740625 0.54923076875 0.9027196656250001 0.5576923078125 0.8765690375 0.5538461531250001 0.8566945609375001 0.54 0.8305439328125 0.5176923078125 0.81799163125 0.49846153906249996 0.8190376562499999 0.486153846875 0.8253138078125 0.47000000000000003 0.81799163125 0.46769230781250004 0.8420502093750001 0.45846153906250003 0.8640167359375001 0.45076923124999996 0.8723849375 0.45076923124999996 0.8859832640624999
0 0.426153846875 0.8797071125 0.4376923078125 0.8786610874999999 0.4523076921875 0.8671548109374999 0.45999999999999996 0.8566945609375001 0.4669230765625 0.8336820078124999 0.46769230781250004 0.81694560625 0.454615384375 0.787656903125 0.4415384609375 0.7719665265625 0.42923076875 0.7635983265624999 0.41692307656249994 0.7635983265624999 0.40538461562499994 0.7688284515625 0.395384615625 0.781380753125 0.38384615312500003 0.80962343125 0.3823076921875 0.8253138078125 0.38923076874999996 0.8472803343749999 0.41 0.8702928875 0.426153846875 0.8797071125
0 0.38076923125 0.8221757328124999 0.3884615390625 0.7928870296875 0.40307692343749996 0.7677824265625001 0.4 0.7541841 0.3915384609375 0.7395397484374999 0.373846153125 0.725941421875 0.36076923125000004 0.720711296875 0.34923076875 0.721757321875 0.343846153125 0.725941421875 0.33076923125 0.7437238500000001 0.326153846875 0.742677825 0.3215384609375 0.7531380750000001 0.32076923125 0.785564853125 0.326153846875 0.8023012546875 0.3684615390625 0.8284518828125 0.38076923125 0.8221757328124999
0 0.443846153125 0.75209205 0.45307692343749995 0.742677825 0.46461538437499994 0.7175732218750001 0.45923076875 0.6861924687500001 0.43923076875 0.662133890625 0.42538461562499996 0.662133890625 0.40846153906250005 0.6684100421875 0.3930769234375 0.68096234375 0.386153846875 0.6976987453125 0.38923076874999996 0.7353556484375 0.40923076875 0.7625523015625 0.43153846093750003 0.7604602515625001 0.443846153125 0.75209205
0 0.4576923078125 0.68200836875 0.466153846875 0.7060669453124999 0.494615384375 0.6893305437499999 0.50076923125 0.6694560671875001 0.5 0.651673640625 0.486153846875 0.6223849375 0.47846153906250005 0.6161087859375 0.466153846875 0.6140167359375 0.445384615625 0.6307531375 0.44000000000000006 0.649581590625 0.43461538437499997 0.657949790625 0.445384615625 0.6652719671875 0.4576923078125 0.68200836875
0 0.3530769234375 0.718619246875 0.3769230765625 0.723849371875 0.3830769234375 0.716527196875 0.3884615390625 0.68410041875 0.386153846875 0.6684100421875 0.363846153125 0.6380753140625 0.3476923078125 0.6370292890625 0.3330769234375 0.6433054390625 0.31923076875 0.658995815625 0.31307692343750004 0.6736401671875 0.3123076921875 0.6976987453125 0.316153846875 0.714435146875 0.3315384609375 0.7343096234375001 0.3530769234375 0.718619246875
0 0.42846153906250006 0.658995815625 0.44000000000000006 0.6453974890625 0.443846153125 0.6338912140625 0.4430769234375 0.6223849375 0.43615384687500003 0.6108786609375 0.435384615625 0.601464434375 0.43 0.593096234375 0.415384615625 0.5826359828125 0.404615384375 0.5836820078125 0.38384615312500003 0.601464434375 0.3676923078125 0.6276150625 0.36615384687499997 0.6380753140625 0.39 0.6715481171875 0.395384615625 0.6746861921875 0.42846153906250006 0.658995815625
0 0.386153846875 0.598326359375 0.40307692343749996 0.5826359828125 0.42000000000000004 0.5805439328124999 0.42230769218750003 0.56799163125 0.42153846093749997 0.5428870296875 0.413846153125 0.525104603125 0.404615384375 0.5167364015625 0.39384615312500004 0.5135983265624999 0.38 0.5167364015625 0.36615384687499997 0.5324267781249999 0.3615384609375 0.5470711296874999 0.36307692343750003 0.5753138078125 0.3676923078125 0.586820084375 0.37923076875 0.600418409375 0.386153846875 0.598326359375
0 0.51 0.651673640625 0.5353846156250001 0.6412133890625 0.53923076875 0.6349372390625 0.5515384609375 0.6286610875 0.5569230765625 0.6140167359375 0.554615384375 0.596234309375 0.5469230765625 0.5763598328125 0.5284615390625 0.55962343125 0.5184615390625 0.55857740625 0.5069230765625 0.56276150625 0.49384615312499996 0.5805439328124999 0.4869230765625 0.596234309375 0.486153846875 0.6098326359375 0.49000000000000005 0.6255230125 0.5015384609375 0.6453974890625 0.51 0.651673640625
0 0.46230769218749995 0.6140167359375 0.474615384375 0.6129707109375 0.48461538437499996 0.600418409375 0.48461538437499996 0.5836820078125 0.48 0.56171548125 0.465384615625 0.5418410046875 0.45307692343749995 0.5397489546875 0.43461538437499997 0.5460251046875 0.42538461562499996 0.55543933125 0.4230769234375 0.56903765625 0.42230769218750003 0.5836820078125 0.43615384687500003 0.601464434375 0.446153846875 0.6265690375 0.46230769218749995 0.6140167359375
0 0.583846153125 0.587866109375 0.6084615390625 0.5638075312499999 0.61076923125 0.5523012546875 0.6084615390625 0.524058578125 0.5976923078125 0.505230125 0.586153846875 0.496861925 0.5700000000000001 0.49476987499999997 0.5584615390625001 0.5 0.543846153125 0.5156903765624999 0.5384615390625 0.5303347281249999 0.54076923125 0.55857740625 0.546153846875 0.5711297078124999 0.5623076921875 0.587866109375 0.583846153125 0.587866109375
0 0.5230769234375 0.55648535625 0.5315384609375 0.5449790796875 0.5369230765624999 0.528242678125 0.5307692312500001 0.49790795 0.5238461531249999 0.4884937234375 0.513846153125 0.4832635984375 0.49076923125 0.4853556484375 0.4769230765625 0.49895397499999994 0.4723076921875 0.5115062765625 0.47307692343749996 0.5449790796875 0.48230769218749997 0.55962343125 0.49000000000000005 0.5638075312499999 0.5230769234375 0.55648535625
0 0.43615384687500003 0.5428870296875 0.44230769218750005 0.5397489546875 0.4415384609375 0.5324267781249999 0.4469230765625 0.529288703125 0.454615384375 0.5303347281249999 0.454615384375 0.5366108781250001 0.46461538437499994 0.537656903125 0.46923076874999997 0.529288703125 0.474615384375 0.49372385 0.46769230781250004 0.4769874484375 0.45307692343749995 0.46757322187500006 0.43153846093750003 0.466527196875 0.42384615312499996 0.47071129687499996 0.41461538437499995 0.48744769843749997 0.4115384609375 0.5 0.4115384609375 0.5177824265625001 0.4230769234375 0.5418410046875 0.43615384687500003 0.5428870296875
0 0.614615384375 0.7719665265625 0.6223076921875 0.7719665265625 0.6307692312500001 0.7656903765624999 0.6384615390625 0.7541841 0.6430769234375 0.7395397484374999 0.6423076921875001 0.7196652718750001 0.636153846875 0.7008368203125 0.6284615390625 0.68723849375 0.616153846875 0.6778242671875 0.5969230765625 0.6746861921875 0.5846153843749999 0.68096234375 0.574615384375 0.69456066875 0.5700000000000001 0.711297071875 0.5700000000000001 0.7364016734375001 0.5900000000000001 0.7416317984374999 0.604615384375 0.755230125 0.614615384375 0.7719665265625
0 0.2123076921875 0.775104603125 0.216153846875 0.7730125515624999 0.22000000000000003 0.7635983265624999 0.23615384687500002 0.7196652718750001 0.23615384687500002 0.7133891218749999 0.23153846093750002 0.7039748953125 0.226153846875 0.7081589953125 0.18846153906250002 0.716527196875 0.18307692343749998 0.723849371875 0.1823076921875 0.742677825 0.1869230765625 0.7562761499999999 0.19615384687499998 0.7688284515625 0.2123076921875 0.775104603125
0 0.1930769234375 0.714435146875 0.21923076875 0.7008368203125 0.24 0.6652719671875 0.24384615312500002 0.6370292890625 0.24076923125 0.6265690375 0.22692307656250002 0.6077405859375 0.214615384375 0.601464434375 0.19923076875 0.6025104609375 0.1776923078125 0.6171548109375 0.164615384375 0.6349372390625 0.15923076875 0.654811715625 0.1584615390625 0.6767782421875 0.165384615625 0.6956066953125 0.1769230765625 0.7081589953125 0.1930769234375 0.714435146875
0 0.26692307656250003 0.6338912140625 0.2630769234375 0.6286610875 0.254615384375 0.6286610875 0.245384615625 0.6464435140625 0.24 0.6725941421875 0.24384615312500002 0.68514644375 0.2476923078125 0.6861924687500001 0.26692307656250003 0.6338912140625
0 0.26692307656250003 0.6265690375 0.2723076921875 0.6192468625 0.29076923125 0.5711297078124999 0.2969230765625 0.5449790796875 0.2884615390625 0.5303347281249999 0.2776923078125 0.5198744765625001 0.2630769234375 0.5146443515625 0.2515384609375 0.5156903765624999 0.23153846093750002 0.534518828125 0.22076923124999998 0.56485355625 0.22230769218750002 0.594142259375 0.23692307656249997 0.6182008375 0.24615384687500003 0.6244769875 0.26692307656250003 0.6265690375
0 0.305384615625 0.533472803125 0.32076923125 0.4853556484375 0.30923076875 0.469665271875 0.294615384375 0.469665271875 0.28230769218749996 0.47907949843750003 0.273846153125 0.49476987499999997 0.2684615390625 0.5135983265624999 0.28230769218749996 0.5230125515624999 0.2984615390625 0.5439330546875001 0.305384615625 0.533472803125
0 0.31538461562500003 0.466527196875 0.3215384609375 0.4832635984375 0.32769230781249997 0.473849371875 0.346153846875 0.42364016718749997 0.3423076921875 0.4142259421875 0.32769230781249997 0.408995815625 0.3230769234375 0.411087865625 0.32769230781249997 0.4278242671875 0.325384615625 0.44246861875 0.3176923078125 0.45397489531249996 0.31538461562500003 0.466527196875
0 0.263846153125 0.462343096875 0.28076923125 0.475941421875 0.2915384609375 0.469665271875 0.3076923078125 0.466527196875 0.3269230765625 0.43096234375 0.326153846875 0.42050209218749995 0.316153846875 0.39330543906250004 0.30076923125 0.3776150625 0.283846153125 0.37656903750000004 0.27692307656250004 0.3797071125 0.25846153906249997 0.40376569062499995 0.25538461562500003 0.4142259421875 0.2576923078125 0.4466527203125 0.2615384609375 0.4497907953125 0.263846153125 0.462343096875
0 0.154615384375 0.7405857734375 0.1715384609375 0.7343096234375001 0.1823076921875 0.720711296875 0.18153846093749998 0.712343096875 0.16999999999999998 0.7029288703125001 0.1584615390625 0.68200836875 0.15692307656249999 0.6652719671875 0.16076923125 0.6422594140625 0.15923076875 0.6391213390625 0.1469230765625 0.6401673640625 0.12769230781250002 0.648535565625 0.11538461562499999 0.662133890625 0.1084615390625 0.6799163187499999 0.1084615390625 0.7060669453124999 0.126153846875 0.7322175734374999 0.1423076921875 0.7395397484374999 0.154615384375 0.7405857734375
0 0.186153846875 0.6046025109375 0.2184615390625 0.599372384375 0.22076923124999998 0.55962343125 0.22999999999999998 0.5366108781250001 0.226153846875 0.5303347281249999 0.2130769234375 0.5230125515624999 0.1869230765625 0.5230125515624999 0.16923076875 0.5397489546875 0.16230769218750002 0.55962343125 0.16230769218750002 0.5753138078125 0.165384615625 0.5857740578125 0.173846153125 0.598326359375 0.186153846875 0.6046025109375
0 0.2076923078125 0.5198744765625001 0.2284615390625 0.529288703125 0.2515384609375 0.5125523015625 0.26 0.4853556484375 0.26076923125 0.466527196875 0.256153846875 0.45083682031250005 0.24692307656249998 0.43619246875 0.233846153125 0.4288702921875 0.22076923124999998 0.42991631874999997 0.21000000000000002 0.43723849374999996 0.19461538437499998 0.4550209203125 0.19076923125 0.466527196875 0.19 0.473849371875 0.19461538437499998 0.4811715484375 0.2023076921875 0.5135983265624999 0.2076923078125 0.5198744765625001
0 0.275384615625 0.3776150625 0.266153846875 0.3713389125 0.24923076875 0.37343096249999996 0.235384615625 0.3974895390625 0.235384615625 0.42677824218750005 0.2523076921875 0.4278242671875 0.26 0.398535565625 0.275384615625 0.3776150625
0 0.22076923124999998 0.4288702921875 0.2330769234375 0.42677824218750005 0.233846153125 0.399581590625 0.24615384687500003 0.37552301250000003 0.23153846093750002 0.3682008375 0.2123076921875 0.3702928875 0.19923076875 0.3797071125 0.1923076921875 0.3922594140625 0.1915384609375 0.4194560671875 0.20076923125 0.43723849374999996 0.20538461562500002 0.44037656875 0.22076923124999998 0.4288702921875
0 0.136153846875 0.6433054390625 0.1615384609375 0.6380753140625 0.18307692343749998 0.6066945609375 0.165384615625 0.592050209375 0.14923076875000002 0.6056485359375 0.1269230765625 0.6150627609375 0.124615384375 0.6202928875 0.12769230781250002 0.6380753140625 0.13076923125 0.6433054390625 0.136153846875 0.6433054390625
0 0.08 0.7018828453125 0.1069230765625 0.68514644375 0.1084615390625 0.6736401671875 0.125384615625 0.6474895390625 0.126153846875 0.6317991625 0.1223076921875 0.6202928875 0.1115384609375 0.6192468625 0.08846153906250001 0.6035564859375 0.0823076921875 0.6035564859375 0.063846153125 0.6202928875 0.048461539062499996 0.650627615625 0.0476923078125 0.6736401671875 0.054615384375 0.69142259375 0.065384615625 0.7008368203125 0.08 0.7018828453125
0 0.11076923125 0.6161087859375 0.123846153125 0.6161087859375 0.14923076875000002 0.6046025109375 0.1630769234375 0.592050209375 0.1630769234375 0.5836820078125 0.15923076875 0.5753138078125 0.163846153125 0.5460251046875 0.1315384609375 0.528242678125 0.12307692343750001 0.525104603125 0.1030769234375 0.526150628125 0.0869230765625 0.5418410046875 0.08076923124999999 0.5606694562500001 0.08 0.5763598328125 0.083846153125 0.5972803343749999 0.095384615625 0.6087866109375 0.11076923125 0.6161087859375
0 0.18076923125 0.525104603125 0.2023076921875 0.5177824265625001 0.193846153125 0.48221757343749994 0.1823076921875 0.469665271875 0.16230769218750002 0.469665271875 0.15307692343749998 0.47489539687500004 0.14076923125000002 0.49372385 0.134615384375 0.5167364015625 0.13384615312499998 0.526150628125 0.136153846875 0.529288703125 0.163846153125 0.5439330546875001 0.18076923125 0.525104603125
0 0.1876923078125 0.469665271875 0.20076923125 0.44246861875 0.18923076875 0.4184100421875 0.1776923078125 0.4142259421875 0.1630769234375 0.42050209218749995 0.146153846875 0.4529288703125 0.146153846875 0.462343096875 0.153846153125 0.47071129687499996 0.1723076921875 0.46757322187500006 0.1876923078125 0.469665271875
0 0.045384615625 0.6778242671875 0.048461539062499996 0.6474895390625 0.06999999999999999 0.6077405859375 0.054615384375 0.589958159375 0.04 0.594142259375 0.0250923078125 0.6078901671875 0.011195384375 0.6073650625 0.00965076875 0.6136642265625001 0.009264615625 0.6330878656250001 0.0176923078125 0.651673640625 0.02076923125 0.663179915625 0.034615384375 0.6767782421875 0.045384615625 0.6778242671875
0 0.0769230765625 0.6046025109375 0.0823076921875 0.599372384375 0.07923076875 0.5805439328124999 0.08076923124999999 0.55543933125 0.086153846875 0.5418410046875 0.09923076875 0.528242678125 0.08769230781250001 0.5230125515624999 0.07076923125 0.528242678125 0.0584615390625 0.5407949796875 0.05 0.5606694562500001 0.04923076875 0.5732217578125 0.0523076921875 0.5847280328125 0.07076923125 0.6066945609375 0.0769230765625 0.6046025109375
0 0.14076923125000002 0.492677825 0.15307692343749998 0.473849371875 0.13923076875 0.45606694531249997 0.114615384375 0.45397489531249996 0.1015384609375 0.464435146875 0.08538461562500001 0.49372385 0.08538461562500001 0.5125523015625 0.0915384609375 0.5230125515624999 0.1323076921875 0.525104603125 0.14076923125000002 0.492677825
0 0.1423076921875 0.45606694531249997 0.1584615390625 0.42364016718749997 0.15076923125 0.399581590625 0.13076923125 0.3859832640625 0.10769230781250001 0.39330543906250004 0.09923076875 0.40376569062499995 0.096153846875 0.41317991562499995 0.096153846875 0.43200836875000004 0.1069230765625 0.45083682031250005 0.1323076921875 0.4518828453125 0.1423076921875 0.45606694531249997
0 0.146153846875 0.3922594140625 0.16076923125 0.3535564859375 0.1515384609375 0.336820084375 0.1423076921875 0.3315899578125 0.1330769234375 0.3315899578125 0.12153846093750001 0.33995815937499996 0.10538461562500001 0.3682008375 0.104615384375 0.3807531375 0.1084615390625 0.39016736406249997 0.1315384609375 0.3849372390625 0.146153846875 0.3922594140625
0 0 0.6025104609375 0.0176923078125 0.6025104609375 0.024615384375 0.6066945609375 0.034615384375 0.595188284375 0.050769231250000005 0.586820084375 0.04923076875 0.55857740625 0.056923076562499994 0.5397489546875 0.0476923078125 0.524058578125 0.0330769234375 0.5135983265624999 0.02 0.5135983265624999 0.0076923078125 0.5209205015625 0 0.5271966531250001 0 0.6025104609375
0 0 0.6391213390625 0.0076923078125 0.6359832640625 0.01 0.6077405859375 0.0023076921875 0.6035564859375 0 0.6035564859375 0 0.6391213390625
0 0 0.525104603125 0.02 0.5125523015625 0.03923076875 0.5125523015625 0.0384615390625 0.5031380750000001 0.026153846874999997 0.472803346875 0.0023076921875 0.45397489531249996 0 0.45397489531249996 0 0.525104603125
0 0.0730769234375 0.525104603125 0.086153846875 0.5177824265625001 0.083846153125 0.5094142265625 0.086153846875 0.48744769843749997 0.094615384375 0.47071129687499996 0.10538461562500001 0.45815899531250004 0.0915384609375 0.43410041875000005 0.056153846875 0.43305439375 0.034615384375 0.44456066875 0.0276923078125 0.466527196875 0.0323076921875 0.4905857734375 0.044615384375 0.5104602515625001 0.0615384609375 0.5219665265625 0.0730769234375 0.525104603125
0 0 0.4518828453125 0.029230768750000004 0.4476987453125 0.033846153125 0.43723849374999996 0.0423076921875 0.43619246875 0.04923076875 0.4288702921875 0.0523076921875 0.4163179921875 0.051538460937499996 0.40376569062499995 0.0415384609375 0.3859832640625 0.025384615625000002 0.3776150625 0.0069230765625 0.3807531375 0 0.3859832640625 0 0.4518828453125
0 0.096153846875 0.408995815625 0.106153846875 0.39016736406249997 0.1030769234375 0.3797071125 0.0969230765625 0.37343096249999996 0.07923076875 0.3723849375 0.0630769234375 0.3828451890625 0.053846153125 0.399581590625 0.0530769234375 0.42050209218749995 0.056153846875 0.42991631874999997 0.0930769234375 0.43200836875000004 0.096153846875 0.408995815625
0 0.08076923124999999 0.3702928875 0.0976923078125 0.3692468625 0.104615384375 0.3650627609375 0.11615384687500001 0.348326359375 0.11846153906250001 0.3315899578125 0.114615384375 0.31485355625 0.10384615312500001 0.3002092046875 0.0823076921875 0.288702928125 0.06692307656249999 0.2960251046875 0.06 0.30648535625 0.057692307812499996 0.3315899578125 0.0630769234375 0.350418409375 0.0730769234375 0.3650627609375 0.08076923124999999 0.3702928875
0 0.044615384375 0.3849372390625 0.0530769234375 0.38389121406250004 0.0723076921875 0.3713389125 0.0623076921875 0.350418409375 0.056153846875 0.31380753125 0.0315384609375 0.31380753125 0.02076923125 0.3211297078125 0.013846153125 0.336820084375 0.014615384375000002 0.35878661093750003 0.02076923125 0.3702928875 0.034615384375 0.3807531375 0.044615384375 0.3849372390625
0 0.0784615390625 0.24476987499999997 0.08923076875 0.2395397484375 0.0969230765625 0.2311715484375 0.10538461562500001 0.213389121875 0.10538461562500001 0.1976987453125 0.1 0.18200836874999998 0.0915384609375 0.1694560671875 0.0776923078125 0.162133890625 0.066153846875 0.1642259421875 0.054615384375 0.17154811718750002 0.0469230765625 0.18200836874999998 0.040769231249999996 0.2008368203125 0.04 0.21234309687500003 0.046153846875 0.2301255234375 0.0630769234375 0.24476987499999997 0.0784615390625 0.24476987499999997
0 0.146153846875 0.2688284515625 0.14923076875000002 0.26359832656250004 0.15 0.23535564843749998 0.146153846875 0.22803347343749997 0.1415384609375 0.2301255234375 0.126153846875 0.224895396875 0.11538461562499999 0.213389121875 0.10769230781250001 0.217573221875 0.1 0.22803347343749997 0.0969230765625 0.2364016734375 0.0984615390625 0.251046025 0.136153846875 0.2677824265625 0.146153846875 0.2688284515625
0 0.15076923125 0.224895396875 0.1669230765625 0.21129707187500002 0.173846153125 0.19351464375 0.166153846875 0.163179915625 0.16076923125 0.155857740625 0.144615384375 0.148535565625 0.13384615312499998 0.148535565625 0.114615384375 0.157949790625 0.1069230765625 0.1725941421875 0.106153846875 0.19037656875 0.11000000000000001 0.2029288703125 0.12923076875 0.224895396875 0.15076923125 0.224895396875
0 0.20076923125 0.2594142265625 0.195384615625 0.2269874484375 0.185384615625 0.215481171875 0.1769230765625 0.21234309687500003 0.165384615625 0.214435146875 0.15692307656249999 0.222803346875 0.1523076921875 0.2311715484375 0.15 0.24790795000000002 0.15076923125 0.27301255156250004 0.18307692343749998 0.283472803125 0.18923076875 0.283472803125 0.20076923125 0.2594142265625
0 0.2230769234375 0.274058578125 0.22076923124999998 0.25209205 0.2130769234375 0.25209205 0.2030769234375 0.2583682015625 0.193846153125 0.276150628125 0.19461538437499998 0.287656903125 0.216153846875 0.2939330546875 0.23153846093750002 0.2939330546875 0.2230769234375 0.274058578125
0 0.24 0.2981171546875 0.26538461562500004 0.3023012546875 0.25923076875 0.2594142265625 0.26076923125 0.23744769843750002 0.2515384609375 0.2311715484375 0.2376923078125 0.2332635984375 0.226153846875 0.24476987499999997 0.22230769218750002 0.251046025 0.22230769218750002 0.2688284515625 0.2276923078125 0.285564853125 0.24 0.2981171546875
0 0.28230769218749996 0.31380753125 0.29076923125 0.31589958125 0.3023076921875 0.31380753125 0.31384615312499997 0.3012552296875 0.32 0.26359832656250004 0.31384615312499997 0.2395397484375 0.30307692343750003 0.222803346875 0.2884615390625 0.216527196875 0.2776923078125 0.21861924687499998 0.27 0.223849371875 0.2615384609375 0.2405857734375 0.26076923125 0.27092050156249997 0.264615384375 0.2907949796875 0.27076923124999996 0.3043933046875 0.28230769218749996 0.31380753125
0 0.3215384609375 0.31171548125 0.33999999999999997 0.31903765625 0.37076923125 0.31903765625 0.384615384375 0.28033472812500004 0.3784615390625 0.25627615000000004 0.3730769234375 0.248953975 0.36307692343750003 0.23849372343750003 0.3530769234375 0.2364016734375 0.31846153906249997 0.251046025 0.3215384609375 0.2615062765625 0.3215384609375 0.27719665312499997 0.3169230765625 0.3023012546875 0.3215384609375 0.31171548125
0 0.38923076874999996 0.31171548125 0.39846153906250004 0.28661087812499997 0.3976923078125 0.282426778125 0.3884615390625 0.281380753125 0.384615384375 0.2939330546875 0.376153846875 0.30648535625 0.3730769234375 0.3221757328125 0.38 0.3284518828125 0.38769230781249997 0.3274058578125 0.38923076874999996 0.31171548125
0 0.3930769234375 0.26046025156249997 0.4076923078125 0.25627615000000004 0.42538461562499996 0.2102510453125 0.42153846093749997 0.18933054375 0.404615384375 0.1684100421875 0.3930769234375 0.162133890625 0.37769230781249996 0.16527196718749998 0.37 0.1725941421875 0.36 0.1966527203125 0.36 0.225941421875 0.36307692343750003 0.23535564843749998 0.373846153125 0.24790795000000002 0.3930769234375 0.26046025156249997
0 0.35 0.2332635984375 0.3415384609375 0.2008368203125 0.3284615390625 0.19246861875000001 0.3115384609375 0.19246861875000001 0.30076923125 0.213389121875 0.30076923125 0.21966527187499998 0.3123076921875 0.2343096234375 0.3176923078125 0.248953975 0.35 0.2332635984375
0 0.2776923078125 0.217573221875 0.2984615390625 0.216527196875 0.31076923125 0.18933054375 0.3069230765625 0.1694560671875 0.296153846875 0.148535565625 0.27692307656250004 0.1443514640625 0.266153846875 0.150627615625 0.24692307656249998 0.18200836874999998 0.24384615312500002 0.19351464375 0.244615384375 0.213389121875 0.2515384609375 0.225941421875 0.2615384609375 0.2322175734375 0.2776923078125 0.217573221875
0 0.25076923125 0.22907949843750003 0.2430769234375 0.213389121875 0.244615384375 0.18619246875 0.25076923125 0.1725941421875 0.24615384687500003 0.17154811718750002 0.23461538437499999 0.1778242671875 0.223846153125 0.19456066875 0.2230769234375 0.22175732187500002 0.226153846875 0.2301255234375 0.23230769218749997 0.23535564843749998 0.25076923125 0.22907949843750003
0 0.2230769234375 0.24476987499999997 0.223846153125 0.19351464375 0.21538461562500003 0.19351464375 0.20846153906249998 0.1997907953125 0.20076923125 0.21129707187500002 0.1976923078125 0.222803346875 0.2 0.24267782499999999 0.204615384375 0.25 0.22076923124999998 0.251046025 0.2230769234375 0.24476987499999997
0 0.195384615625 0.22071129687500002 0.1984615390625 0.2092050203125 0.18307692343749998 0.18305439375000002 0.1784615390625 0.16527196718749998 0.1669230765625 0.162133890625 0.1676923078125 0.1694560671875 0.176153846875 0.18619246875 0.17076923125000001 0.2092050203125 0.195384615625 0.22071129687500002
0 0.21538461562500003 0.18933054375 0.2230769234375 0.19037656875 0.23461538437499999 0.1736401671875 0.23153846093750002 0.153765690625 0.23230769218749997 0.1349372390625 0.216153846875 0.12133891249999999 0.20076923125 0.1244769875 0.186153846875 0.13389121406249999 0.17923076875 0.152719665625 0.18 0.1767782421875 0.19615384687499998 0.20188284531249998 0.20384615312499998 0.20188284531249998 0.21538461562500003 0.18933054375
0 0.145384615625 0.1464435140625 0.15769230781250002 0.153765690625 0.16230769218750002 0.152719665625 0.1630769234375 0.14016736406250002 0.153846153125 0.1161087859375 0.153846153125 0.098326359375 0.1415384609375 0.089958159375 0.125384615625 0.092050209375 0.11000000000000001 0.1161087859375 0.10769230781250001 0.1286610875 0.1069230765625 0.1453974890625 0.1115384609375 0.156903765625 0.134615384375 0.1464435140625 0.145384615625 0.1464435140625
0 0.19692307656250002 0.1244769875 0.21923076875 0.11820083749999999 0.223846153125 0.10564853593750001 0.22000000000000003 0.088912134375 0.213846153125 0.0794979078125 0.18923076875 0.06276150625 0.17076923125000001 0.07008368125 0.156153846875 0.087866109375 0.156153846875 0.12238493749999999 0.166153846875 0.1391213390625 0.1769230765625 0.1443514640625 0.19692307656250002 0.1244769875
0 0.18923076875 0.059623431250000004 0.1823076921875 0.048117154687500004 0.17076923125000001 0.0418410046875 0.15923076875 0.040794979687499996 0.15769230781250002 0.036610878125 0.1515384609375 0.038702928125 0.14076923125000002 0.06276150625 0.13999999999999999 0.086820084375 0.153846153125 0.09414225937500001 0.16923076875 0.07008368125 0.18923076875 0.059623431250000004
0 0.2284615390625 0.10041840937499999 0.23461538437499999 0.09623430937500001 0.23615384687500002 0.05543933125 0.21923076875 0.0491631796875 0.20846153906249998 0.0523012546875 0.20076923125 0.060669456249999996 0.2 0.06485355625 0.2130769234375 0.0774058578125 0.22538461562499998 0.098326359375 0.2284615390625 0.10041840937499999
0 0.2715384609375 0.1453974890625 0.284615384375 0.14330543906249998 0.294615384375 0.1464435140625 0.2976923078125 0.1380753140625 0.28076923125 0.11820083749999999 0.2730769234375 0.11401673593749999 0.2569230765625 0.11401673593749999 0.2523076921875 0.1202928875 0.24384615312500002 0.1202928875 0.233846153125 0.1349372390625 0.2330769234375 0.1412133890625 0.23461538437499999 0.1684100421875 0.24230769218749998 0.17154811718750002 0.25538461562500003 0.1673640171875 0.2715384609375 0.1453974890625
0 0.2476923078125 0.10983263593749999 0.2376923078125 0.11820083749999999 0.23461538437499999 0.12238493749999999 0.24 0.12656903749999998 0.2715384609375 0.11401673593749999 0.2476923078125 0.10983263593749999
0 0.23923076875 0.099372384375 0.233846153125 0.097280334375 0.2284615390625 0.099372384375 0.226153846875 0.1077405859375 0.226153846875 0.12133891249999999 0.23230769218749997 0.1297071125 0.244615384375 0.11087866093750001 0.23923076875 0.099372384375
0 0.274615384375 0.086820084375 0.284615384375 0.0721757328125 0.285384615625 0.06380753125000001 0.28230769218749996 0.05753138125 0.273846153125 0.0523012546875 0.25 0.0543933046875 0.24230769218749998 0.06171548125 0.2376923078125 0.0753138078125 0.23692307656249997 0.09100418437499999 0.244615384375 0.1077405859375 0.2715384609375 0.11087866093750001 0.274615384375 0.086820084375
0 0.31076923125 0.10983263593749999 0.3284615390625 0.099372384375 0.31384615312499997 0.0784518828125 0.3 0.0721757328125 0.2869230765625 0.0721757328125 0.274615384375 0.088912134375 0.273846153125 0.10460251093749999 0.27692307656250004 0.11506276093750001 0.2969230765625 0.1307531375 0.31076923125 0.10983263593749999
0 0.294615384375 0.05753138125 0.2876923078125 0.06589958125 0.2869230765625 0.0711297078125 0.31461538437500003 0.0763598328125 0.304615384375 0.05543933125 0.294615384375 0.05753138125
0 0.3369230765625 0.19456066875 0.34076923125 0.19351464375 0.343846153125 0.1725941421875 0.3476923078125 0.16527196718749998 0.363846153125 0.149581590625 0.36230769218750003 0.1359832640625 0.353846153125 0.1202928875 0.344615384375 0.10983263593749999 0.333846153125 0.10564853593750001 0.32 0.10564853593750001 0.3123076921875 0.10983263593749999 0.30384615312499996 0.12238493749999999 0.3 0.14016736406250002 0.29923076875 0.149581590625 0.31076923125 0.18200836874999998 0.3169230765625 0.18828451875000002 0.3369230765625 0.19456066875
0 0.38923076874999996 0.1453974890625 0.38769230781249997 0.153765690625 0.40076923124999997 0.162133890625 0.4 0.1370292890625 0.38923076874999996 0.1453974890625
0 0.43076923125000005 0.19456066875 0.4523076921875 0.1464435140625 0.4569230765625 0.11820083749999999 0.445384615625 0.1035564859375 0.43692307656249996 0.101464434375 0.4115384609375 0.10983263593749999 0.40384615312500005 0.1255230125 0.4015384609375 0.1349372390625 0.40307692343749996 0.163179915625 0.4269230765625 0.19456066875 0.43076923125000005 0.19456066875
0 0.4 0.1328451890625 0.40846153906250005 0.101464434375 0.406153846875 0.0774058578125 0.396153846875 0.06171548125 0.3884615390625 0.05648535624999999 0.36923076875 0.05648535624999999 0.355384615625 0.07008368125 0.34923076875 0.086820084375 0.3484615390625 0.1087866109375 0.3684615390625 0.14016736406250002 0.384615384375 0.1443514640625 0.4 0.1328451890625
0 0.32769230781249997 0 0.3076923078125 0.033472803125 0.305384615625 0.0397489546875 0.3076923078125 0.060669456249999996 0.3169230765625 0.0784518828125 0.3323076921875 0.089958159375 0.333846153125 0.095188284375 0.3430769234375 0.089958159375 0.36615384687499997 0.0523012546875 0.36923076875 0.024058578125 0.365384615625 0.0083682015625 0.36 0 0.32769230781249997 0
0 0.3669230765625 0 0.37769230781249996 0.0428870296875 0.37769230781249996 0.0523012546875 0.3976923078125 0.05857740625 0.40846153906250005 0.05648535624999999 0.42076923125 0.037656903125 0.42230769218750003 0.030334728124999998 0.42000000000000004 0 0.3669230765625 0
0 0.454615384375 0.101464434375 0.46769230781250004 0.092050209375 0.47000000000000003 0.06276150625 0.4669230765625 0.0512552296875 0.4615384609375 0.0439330546875 0.44923076875 0.036610878125 0.43461538437499997 0.034518828125 0.4276923078125 0.037656903125 0.41 0.05753138125 0.4076923078125 0.06694560625 0.40846153906250005 0.088912134375 0.415384615625 0.1035564859375 0.43307692343750004 0.098326359375 0.454615384375 0.101464434375
0 0 0.288702928125 0.01 0.27092050156249997 0.0030769234375 0.2625523015625 0 0.2625523015625 0 0.288702928125
0 0.029230768750000004 0.21966527187499998 0.0384615390625 0.2092050203125 0.0476923078125 0.17991631875 0.054615384375 0.1705020921875 0.06076923125 0.1684100421875 0.046153846875 0.161087865625 0.0323076921875 0.163179915625 0.0269230765625 0.1684100421875 0.0230769234375 0.1757322171875 0.033846153125 0.2060669453125 0.029230768750000004 0.21129707187500002 0.029230768750000004 0.21966527187499998
0 0 0.21129707187500002 0.0015384609375000001 0.21129707187500002 0.0023076921875 0.215481171875 0.005384615625 0.217573221875 0.01923076875 0.21966527187499998 0.02 0.22071129687500002 0.026153846874999997 0.22071129687500002 0.0276923078125 0.21966527187499998 0.0269230765625 0.216527196875 0.0276923078125 0.213389121875 0.03 0.2102510453125 0.0315384609375 0.20397489531250002 0.03 0.19456066875 0.0223076921875 0.1778242671875 0.0169230765625 0.17154811718750002 0.0115384609375 0.1673640171875 0.01 0.16527196718749998 0.00923076875 0.161087865625 0.0069230765625 0.161087865625 0.005384615625 0.163179915625 0 0.1642259421875 0 0.21129707187500002
0 0.005384615625 0.158995815625 0.008461539062499999 0.160041840625 0.015384615625 0.1705020921875 0.0176923078125 0.17154811718750002 0.02076923125 0.1757322171875 0.0230769234375 0.17468619218749998 0.029230768750000004 0.1673640171875 0.0315384609375 0.1663179921875 0.0330769234375 0.162133890625 0.0315384609375 0.160041840625 0.028461539062500003 0.158995815625 0.0276923078125 0.157949790625 0.02076923125 0.157949790625 0.02 0.156903765625 0.01076923125 0.156903765625 0.01 0.157949790625 0.0069230765625 0.158995815625 0.005384615625 0.157949790625 0.005384615625 0.158995815625
0 0 0.152719665625 0.004615384375 0.152719665625 0.005384615625 0.153765690625 0.006153846875 0.152719665625 0.006153846875 0.148535565625 0.004615384375 0.1453974890625 0.004615384375 0.1370292890625 0.008461539062499999 0.12656903749999998 0.0115384609375 0.1234309625 0.014615384375000002 0.12238493749999999 0.015384615625 0.11924686250000001 0.013846153125 0.11715481093749999 0.013846153125 0.1161087859375 0.008461539062499999 0.10983263593749999 0.0023076921875 0.10983263593749999 0.0015384609375000001 0.11087866093750001 0 0.11087866093750001 0 0.152719665625
0 0.00923076875 0.154811715625 0.01076923125 0.155857740625 0.0223076921875 0.155857740625 0.028461539062500003 0.156903765625 0.029230768750000004 0.157949790625 0.0315384609375 0.156903765625 0.0315384609375 0.153765690625 0.03 0.149581590625 0.03076923125 0.1359832640625 0.0384615390625 0.12238493749999999 0.036153846875 0.11820083749999999 0.0315384609375 0.11820083749999999 0.03076923125 0.11715481093749999 0.0176923078125 0.11820083749999999 0.0123076921875 0.1234309625 0.0076923078125 0.1297071125 0.006153846875 0.13389121406249999 0.005384615625 0.1370292890625 0.006153846875 0.1474895390625 0.0076923078125 0.152719665625 0.00923076875 0.154811715625
0 0.036923076562500004 0.163179915625 0.05 0.162133890625 0.056153846875 0.16527196718749998 0.059230768749999996 0.1642259421875 0.06 0.157949790625 0.057692307812499996 0.152719665625 0.0584615390625 0.1412133890625 0.0623076921875 0.1359832640625 0.0630769234375 0.1328451890625 0.065384615625 0.1307531375 0.065384615625 0.1286610875 0.0630769234375 0.1244769875 0.0430769234375 0.1234309625 0.040769231249999996 0.1244769875 0.036923076562500004 0.1286610875 0.0323076921875 0.13389121406249999 0.0315384609375 0.1359832640625 0.03 0.1453974890625 0.0315384609375 0.152719665625 0.035384615625 0.162133890625 0.036923076562500004 0.163179915625
0 0.06 0.156903765625 0.06 0.161087865625 0.0615384609375 0.1642259421875 0.064615384375 0.1642259421875 0.0684615390625 0.161087865625 0.06999999999999999 0.161087865625 0.0723076921875 0.157949790625 0.0723076921875 0.156903765625 0.07384615312500001 0.154811715625 0.07384615312500001 0.152719665625 0.07923076875 0.1443514640625 0.08 0.1412133890625 0.083846153125 0.1349372390625 0.083846153125 0.1307531375 0.08 0.1307531375 0.076153846875 0.12761506250000001 0.06769230781249999 0.1286610875 0.0615384609375 0.1359832640625 0.059230768749999996 0.1412133890625 0.059230768749999996 0.1443514640625 0.0584615390625 0.1453974890625 0.0584615390625 0.152719665625 0.06 0.156903765625
0 0.0684615390625 0.12761506250000001 0.06923076875 0.12656903749999998 0.07461538437500001 0.12656903749999998 0.0784615390625 0.1244769875 0.084615384375 0.1244769875 0.0869230765625 0.12656903749999998 0.08769230781250001 0.1255230125 0.08769230781250001 0.12238493749999999 0.08923076875 0.11924686250000001 0.09076923125 0.11715481093749999 0.095384615625 0.11401673593749999 0.0969230765625 0.1087866109375 0.09923076875 0.10564853593750001 0.09923076875 0.1025104609375 0.0969230765625 0.101464434375 0.095384615625 0.099372384375 0.09 0.099372384375 0.083846153125 0.09414225937500001 0.075384615625 0.095188284375 0.0715384609375 0.10041840937499999 0.06999999999999999 0.10564853593750001 0.06769230781249999 0.10983263593749999 0.06769230781249999 0.1129707109375 0.066153846875 0.11715481093749999 0.066153846875 0.1234309625 0.0684615390625 0.12761506250000001
0 0.0415384609375 0.12133891249999999 0.043846153124999995 0.1234309625 0.055961539062499996 0.1234309625 0.0623076921875 0.1244769875 0.063846153125 0.12761506250000001 0.064615384375 0.12656903749999998 0.065384615625 0.1087866109375 0.06923076875 0.1025104609375 0.06923076875 0.095188284375 0.06769230781249999 0.09100418437499999 0.06 0.086820084375 0.05 0.086820084375 0.044615384375 0.089958159375 0.0430769234375 0.092050209375 0.0415384609375 0.097280334375 0.0415384609375 0.10460251093749999 0.04 0.10983263593749999 0.04 0.11924686250000001 0.0415384609375 0.12133891249999999
0 0.013846153125 0.1129707109375 0.0169230765625 0.11715481093749999 0.01923076875 0.11715481093749999 0.02 0.11820083749999999 0.0215384609375 0.11820083749999999 0.024615384375 0.1161087859375 0.036923076562500004 0.1161087859375 0.0384615390625 0.1129707109375 0.0384615390625 0.1077405859375 0.03923076875 0.1066945609375 0.0384615390625 0.10564853593750001 0.0384615390625 0.098326359375 0.03923076875 0.097280334375 0.03923076875 0.095188284375 0.0423076921875 0.09100418437499999 0.0423076921875 0.087866109375 0.0376923078125 0.0836820078125 0.0330769234375 0.0826359828125 0.0323076921875 0.0815899578125 0.029230768750000004 0.0815899578125 0.028461539062500003 0.0805439328125 0.0215384609375 0.0815899578125 0.0169230765625 0.086820084375 0.016153846875 0.089958159375 0.0123076921875 0.095188284375 0.0123076921875 0.1077405859375 0.013846153125 0.1129707109375
0 0 0.1087866109375 0.005384615625 0.1087866109375 0.008461539062499999 0.1066945609375 0.008461539062499999 0.1035564859375 0.01 0.10041840937499999 0.01076923125 0.095188284375 0.014615384375000002 0.089958159375 0.0169230765625 0.0836820078125 0.0169230765625 0.0815899578125 0.0115384609375 0.0763598328125 0.01 0.0763598328125 0.00923076875 0.0753138078125 0.006153846875 0.0753138078125 0.005384615625 0.0742677828125 0 0.0742677828125 0 0.1087866109375
0 0 0.0732217578125 0.0069230765625 0.0742677828125 0.00923076875 0.0763598328125 0.0115384609375 0.0763598328125 0.014615384375000002 0.0784518828125 0.0176923078125 0.0784518828125 0.01923076875 0.0763598328125 0.01923076875 0.0732217578125 0.02 0.0721757328125 0.02 0.06694560625 0.02076923125 0.06589958125 0.0215384609375 0.059623431250000004 0.0230769234375 0.05648535624999999 0.0230769234375 0.0523012546875 0.02076923125 0.0491631796875 0.018461539062499997 0.048117154687500004 0.0169230765625 0.0460251046875 0.0069230765625 0.0460251046875 0.006153846875 0.047071129687500005 0.003846153125 0.047071129687500005 0.0015384609375000001 0.0491631796875 0 0.0491631796875 0 0.0732217578125
0 0.0215384609375 0.0784518828125 0.0230769234375 0.0794979078125 0.0315384609375 0.0794979078125 0.0323076921875 0.0805439328125 0.0384615390625 0.0815899578125 0.040769231249999996 0.08472803281249999 0.0423076921875 0.08472803281249999 0.044615384375 0.086820084375 0.045384615625 0.08472803281249999 0.046153846875 0.06589958125 0.04923076875 0.05543933125 0.0476923078125 0.0523012546875 0.0476923078125 0.050209204687499995 0.045384615625 0.047071129687500005 0.036923076562500004 0.047071129687500005 0.033846153125 0.0491631796875 0.029230768750000004 0.0491631796875 0.0276923078125 0.050209204687499995 0.023846153125 0.05648535624999999 0.02076923125 0.06485355625 0.02076923125 0.07008368125 0.02 0.0711297078125 0.02 0.0732217578125 0.0215384609375 0.0784518828125
0 0.046153846875 0.0774058578125 0.046153846875 0.0805439328125 0.0476923078125 0.0857740578125 0.0630769234375 0.0857740578125 0.063846153125 0.086820084375 0.06769230781249999 0.086820084375 0.06923076875 0.0826359828125 0.06999999999999999 0.0711297078125 0.07076923125 0.07008368125 0.0715384609375 0.06485355625 0.07384615312500001 0.059623431250000004 0.0723076921875 0.05648535624999999 0.06769230781249999 0.053347279687500006 0.0630769234375 0.053347279687500006 0.0623076921875 0.0523012546875 0.057692307812499996 0.0523012546875 0.056923076562499994 0.0512552296875 0.056153846875 0.0523012546875 0.054615384375 0.0523012546875 0.050769231250000005 0.05753138125 0.046153846875 0.06694560625 0.046153846875 0.06903765625 0.045384615625 0.07008368125 0.045384615625 0.0763598328125 0.046153846875 0.0774058578125
0 0.07384615312500001 0.092050209375 0.0769230765625 0.093096234375 0.07923076875 0.09100418437499999 0.08076923124999999 0.09100418437499999 0.0815384609375 0.092050209375 0.0869230765625 0.092050209375 0.08769230781250001 0.093096234375 0.094615384375 0.093096234375 0.09923076875 0.095188284375 0.1 0.0805439328125 0.1015384609375 0.0742677828125 0.104615384375 0.06799163124999999 0.104615384375 0.06485355625 0.1023076921875 0.059623431250000004 0.094615384375 0.0543933046875 0.0830769234375 0.053347279687500006 0.0769230765625 0.05648535624999999 0.07461538437500001 0.059623431250000004 0.0730769234375 0.06485355625 0.0715384609375 0.06694560625 0.0715384609375 0.07008368125 0.07076923125 0.0711297078125 0.07076923125 0.086820084375 0.07384615312500001 0.092050209375
0 0.1030769234375 0.099372384375 0.10923076875 0.09100418437499999 0.11000000000000001 0.087866109375 0.1123076921875 0.08472803281249999 0.11384615312499999 0.0805439328125 0.12153846093750001 0.06903765625 0.1223076921875 0.06485355625 0.12307692343750001 0.06380753125000001 0.12076923125000001 0.06171548125 0.11846153906250001 0.06171548125 0.1176923078125 0.06276150625 0.1123076921875 0.06380753125000001 0.1069230765625 0.06694560625 0.10384615312500001 0.0711297078125 0.10076923125 0.0794979078125 0.10076923125 0.0815899578125 0.1 0.0826359828125 0.1 0.092050209375 0.1030769234375 0.099372384375
0 0.056153846875 0.0523012546875 0.056923076562499994 0.0512552296875 0.0615384609375 0.0512552296875 0.06923076875 0.053347279687500006 0.0723076921875 0.05543933125 0.0769230765625 0.05543933125 0.083846153125 0.0512552296875 0.08769230781250001 0.0523012546875 0.0923076921875 0.0491631796875 0.0930769234375 0.047071129687500005 0.0930769234375 0.0418410046875 0.093846153125 0.040794979687499996 0.0915384609375 0.033472803125 0.083846153125 0.021966526562499998 0.08 0.0188284515625 0.0730769234375 0.0156903765625 0.0615384609375 0.0156903765625 0.056153846875 0.0198744765625 0.051538460937499996 0.026150628125 0.05 0.030334728124999998 0.05 0.0428870296875 0.051538460937499996 0.047071129687500005 0.056153846875 0.0523012546875
0 0.024615384375 0.0460251046875 0.025384615625000002 0.048117154687500004 0.0276923078125 0.050209204687499995 0.029230768750000004 0.050209204687499995 0.0315384609375 0.048117154687500004 0.0384615390625 0.047071129687500005 0.03923076875 0.0460251046875 0.048461539062499996 0.047071129687500005 0.04923076875 0.0460251046875 0.04923076875 0.0418410046875 0.048461539062499996 0.040794979687499996 0.04923076875 0.036610878125 0.048461539062499996 0.035564853125000004 0.04923076875 0.030334728124999998 0.051538460937499996 0.025104603125000003 0.051538460937499996 0.0230125515625 0.050769231250000005 0.0209205015625 0.0476923078125 0.017782426562500002 0.045384615625 0.017782426562500002 0.044615384375 0.0167364015625 0.036153846875 0.017782426562500002 0.0323076921875 0.0209205015625 0.0276923078125 0.027196653124999998 0.0269230765625 0.030334728124999998 0.0215384609375 0.034518828125 0.02 0.036610878125 0.02 0.0418410046875 0.0223076921875 0.0449790796875 0.024615384375 0.0460251046875
0 0 0.047071129687500005 0.005384615625 0.0460251046875 0.006153846875 0.0449790796875 0.016153846875 0.0449790796875 0.0169230765625 0.0439330546875 0.0215384609375 0.047071129687500005 0.0223076921875 0.0460251046875 0.023846153125 0.0460251046875 0.024615384375 0.0449790796875 0.0230769234375 0.0418410046875 0.0230769234375 0.0397489546875 0.02076923125 0.035564853125000004 0.0215384609375 0.034518828125 0.024615384375 0.034518828125 0.024615384375 0.032426778125 0.029230768750000004 0.024058578125 0.029230768750000004 0.0209205015625 0.025384615625000002 0.0167364015625 0.023846153125 0.0167364015625 0.02076923125 0.0146443515625 0.013846153125 0.0146443515625 0.013076923437499999 0.013598326562499999 0.0123076921875 0.0146443515625 0.008461539062499999 0.0146443515625 0.005384615625 0.0167364015625 0.0030769234375 0.021966526562499998 0.0015384609375000001 0.024058578125 0 0.024058578125 0 0.047071129687500005
0 0.1958723078125 0.3781349375 0.20894923125 0.3634905859375 0.20894923125 0.35930648593750003 0.1997184609375 0.3415240578125 0.192026153125 0.3373399578125 0.1804876921875 0.3373399578125 0.16818 0.344662134375 0.154333846875 0.3708127609375 0.154333846875 0.38964121406249996 0.164333846875 0.40742364062499997 0.1904876921875 0.405331590625 0.1958723078125 0.3781349375