0 0.836535496875 0.347534246875 0.823243803125 0.35645108593749997 0.816988821875 0.3646283390625 0.8105101078124999 0.393240065625 0.8130786499999999 0.417678103125 0.8389914734374999 0.42354864374999995 0.8845623937499999 0.4284272953125 0.893274621875 0.4210660375 0.8948385906249999 0.40586200312500004 0.8886959187500001 0.377502578125 0.8808776046875 0.3632846609375 0.8642355140625 0.34784564218749997 0.8545182046875001 0.3456441875 0.836535496875 0.347534246875
0 0.7638230640625 0.340136978125 0.748744434375 0.339573284375 0.7344475312500001 0.346447253125 0.72472996875 0.35928548125000004 0.7192567171875 0.374900396875 0.7207082484375 0.4037528828125 0.725957640625 0.4160922796875 0.729755121875 0.4221387140625 0.7447219515625 0.429159725 0.7556679468749999 0.4280092546875 0.761811378125 0.4112496390625 0.789734746875 0.41368607968750004 0.7957666296875 0.3883441015625 0.7897356359375001 0.3610471984375 0.7638230640625 0.340136978125
0 0.666314565625 0.337494403125 0.6545865859375 0.3462468890625 0.6444221921875 0.3623548640625 0.6417413421875 0.3744535046875 0.6460969484375 0.4008522359375 0.6561491578124999 0.4137610984375 0.6827321625 0.4184869375 0.707863384375 0.409399975 0.7131131578125001 0.39917985312500004 0.715459109375 0.376373803125 0.707752596875 0.3556985703125 0.700269309375 0.344668225 0.6817283515625 0.33372582500000003 0.666314565625 0.337494403125
0 0.5654549062500001 0.35561500625 0.5682468 0.3821780921875 0.5810912828125 0.39909051875 0.6171682453125 0.40389276562500004 0.63381084375 0.389252425 0.630348896875 0.3563142 0.6233124390625 0.34201410781249997 0.6043247765624999 0.326821615625 0.580087215625 0.3293690859375 0.568917615625 0.34343419062499997 0.5654549062500001 0.35561500625
0 0.5227886953125 0.3106834 0.510390534375 0.32058058749999996 0.5032418937500001 0.3352973328125 0.5019014046875 0.3451065734375 0.5046934249999999 0.3641498171875 0.522787428125 0.385881803125 0.5481418734375 0.38643972656250003 0.56322063125 0.37948358125000003 0.5656785109375 0.342700371875 0.5609876234375 0.32815375156250004 0.545909246875 0.3125503765625 0.53842583125 0.309039871875 0.5227886953125 0.3106834
0 0.5055887343750001 0.2598524015625 0.49084525625 0.2549564359375 0.4761016515625 0.25758031406250004 0.46403839218750004 0.2781849109375 0.459905503125 0.291510428125 0.4602404015625 0.30221783593749996 0.4667183546875 0.3187251515625 0.4805680453125 0.33768045 0.4914022390625 0.3429872953125 0.5000026640625 0.3420833546875 0.509497003125 0.319600240625 0.52379403125 0.30520643125 0.525246196875 0.2964597140625 0.5187683703125 0.27243255781250003 0.5055887343750001 0.2598524015625
0 0.43768013281249996 0.19286587500000002 0.42584047812500003 0.2005558375 0.41835680937499997 0.2120850140625 0.41500565156249997 0.23284819375 0.41522887500000005 0.2424930796875 0.42394072187500004 0.25769134375 0.4434867640625 0.2781964515625 0.4516403578125 0.2805622578125 0.4643735453125 0.2738526421875 0.473309378125 0.2535767484375 0.4723048046875 0.213934678125 0.45946032187499997 0.19702225 0.4494079859375 0.191633228125 0.43768013281249996 0.19286587500000002
0 0.5252469578125 0.25134067187500003 0.5235719484375 0.22788298125 0.5211148296875 0.2195471484375 0.515753634375 0.213665065625 0.5039142328125 0.2063153484375 0.49587231249999997 0.20501206718749998 0.47811295625000005 0.209027171875 0.47409186875 0.215895371875 0.474650121875 0.2287278296875 0.47330950625 0.24605690937500002 0.4743145875 0.25561962031249996 0.4761016515625 0.25758031406250004 0.4883880109375 0.25414044375 0.49978070937499997 0.257240065625 0.5099447203125 0.2636916125 0.5195502265624999 0.27235038125 0.5226776546874999 0.272021675 0.5252469578125 0.25134067187500003
0 0.49955824687500006 0.2024761390625 0.49732473125 0.1812256703125 0.4888362359375 0.1681524546875 0.482804859375 0.1634150734375 0.47118880937499996 0.158190403125 0.4586790984375 0.1595052265625 0.45365293125 0.1568107140625 0.45030202499999994 0.1625342140625 0.45086027812499996 0.175366671875 0.44773272343750004 0.1832152171875 0.447732596875 0.1907350578125 0.45175355625 0.1913866984375 0.45767325625 0.19506155625 0.46493319375000003 0.20396685468750003 0.47520888125000005 0.211480925 0.4834742796875 0.20738941406250003 0.49520213281250003 0.20615676718749998 0.49955824687500006 0.2024761390625
0 0.5810936921875001 0.2562135546875 0.584556528125 0.2365128984375 0.5816525796875001 0.2314468109375 0.5766264109375 0.22875229843749997 0.57439264375 0.22254151093750002 0.5691431234375 0.217721953125 0.5618830609375001 0.2163364953125 0.544793884375 0.2192069 0.5409962765625 0.22068030625 0.532172246875 0.23449888125 0.5285977359375 0.2531370140625 0.5292676625 0.2670319953125 0.5330650171875 0.2805982703125 0.539878125 0.292773315625 0.547584890625 0.2984088671875 0.5673546625 0.2984795015625 0.576848746875 0.29103606718749997 0.580869834375 0.28416786875 0.582433675 0.27648367500000004 0.5810934390625 0.271253234375 0.5810936921875001 0.2562135546875
0 0.5632241828125 0.1689280546875 0.5545122109375 0.16124963125 0.5471404718749999 0.15880165 0.53541261875 0.16003429687499998 0.5256951812499999 0.165352684375 0.5162009703125 0.180315959375 0.514078625 0.190207375 0.5134083171875 0.1988719140625 0.51463675 0.2105596734375 0.5292682984375 0.22943279374999997 0.5339594390625 0.228939734375 0.5379805265625001 0.2220715359375 0.545352390625 0.216999678125 0.568808096875 0.2145343828125 0.571824228125 0.190583634375 0.570148965625 0.18216562187500002 0.5632241828125 0.1689280546875
0 0.540551096875 0.1261921296875 0.5327327828125 0.11197421406250001 0.5241324828125 0.1053583140625 0.507601815625 0.1060214984375 0.499224740625 0.1090504859375 0.4915177203125 0.11845461406249999 0.48872519375 0.1294907296875 0.49073522968749994 0.15613599218750002 0.493080675 0.1634093015625 0.499111921875 0.175666525 0.5069303640625 0.1823645984375 0.5132968953125 0.1827697109375 0.5249133265625 0.16543486093749998 0.5382050171875 0.1565180203125 0.5413324453125 0.1561893140625 0.5433429890625 0.152755215625 0.540551096875 0.1261921296875
0 0.581990396875 0.06919789531250001 0.57551231875 0.0602104203125 0.56534830625 0.0537588734375 0.554960815625 0.052702121874999994 0.5405522390625 0.05851356875 0.5363078 0.0632567203125 0.5297175375000001 0.0832860828125 0.532174403125 0.10666159687500001 0.5392108609374999 0.1209616890625 0.5480345109375 0.1297026359375 0.552167146875 0.1314168 0.5560764296875 0.13100591718750002 0.562443215625 0.11637134843750001 0.5703735859375 0.10909226718750001 0.587239409375 0.10409681562499999 0.5858994265625 0.08382669375 0.581990396875 0.06919789531250001
0 0.5757349078125 0.10745450781250002 0.564677109375 0.11506229531250001 0.5556294734375 0.1417955046875 0.5567461046875 0.159940578125 0.5749517828124999 0.1827350875 0.581653465625 0.17880792968749998 0.5861215109375 0.16115014218749998 0.596956084375 0.14389746875 0.60645016875 0.136454034375 0.607343828125 0.1299145421875 0.60309964375 0.1196180125 0.5934941375 0.11095924374999999 0.5757349078125 0.10745450781250002
0 0.6044382296874999 0.22260637499999997 0.587796265625 0.199647515625 0.5842223875 0.1806864453125 0.576627171875 0.1836332578125 0.5712655953125 0.200310696875 0.57227055 0.2173932484375 0.586008565625 0.235286021875 0.6044382296874999 0.22260637499999997
0 0.6055551125 0.22571176875 0.5913698890625 0.2336482640625 0.5856734125 0.2396182921875 0.5820989015625 0.258256425 0.583773909375 0.281714115625 0.5922625328125 0.2872674921875 0.5961715625 0.3018962890625 0.6062239 0.3072853109375 0.6149359999999999 0.30744389375000003 0.626887584375 0.28577677343749996 0.6438652109375 0.2743240046875 0.636940809375 0.238526915625 0.62621841875 0.226762753125 0.6055551125 0.22571176875
0 0.6326980203125 0.14551214375 0.6176195156250001 0.1374286109375 0.608907415625 0.137270028125 0.5999718359374999 0.14250623906249998 0.5882437296874999 0.1587785671875 0.584781021875 0.1709593828125 0.58332885625 0.1797061 0.587796265625 0.199647515625 0.6076773328125 0.22334019375 0.62744710625 0.22341082812500002 0.6385049031250001 0.215803040625 0.645430065625 0.2064810890625 0.6509034437500001 0.183346334375 0.6491166328125 0.1663459609375 0.6416333453124999 0.1553156140625 0.6326980203125 0.14551214375
0 0.65201880625 0.276689809375 0.640961134375 0.27677775625 0.6299033359374999 0.28438554374999997 0.6207442796875 0.29501655000000004 0.6159412093750001 0.3094867640625 0.6166110078125 0.3309015859375 0.6367153 0.3642391515625 0.6443105171875 0.36129234062500004 0.650900653125 0.34878281875 0.6609532421875 0.3391321609375 0.6829570375 0.33037390312500003 0.6818404078125 0.3122288296875 0.674468921875 0.2947411671875 0.6646400640625 0.2839573515625 0.65201880625 0.276689809375
0 0.7440540546875 0.29494730156250004 0.7298690828125001 0.2878441140625 0.7150138015625 0.28940546562499997 0.702615640625 0.2993026546875 0.6906639296875 0.328489615625 0.6914456609374999 0.335927278125 0.7066357140624999 0.3525931765625 0.717581328125 0.3740022265625 0.7350060375 0.34424003124999997 0.7486327578124999 0.3385107609375 0.7628178578125 0.33809410781250004 0.7632646859375 0.334824359375 0.7601375125 0.3201133859375 0.7512023140624999 0.3027900765625 0.7440540546875 0.29494730156250004
0 0.70373379375 0.2272096453125 0.6902188765624999 0.22648159843750001 0.6638587140625 0.253960165625 0.6650868937500001 0.28068760312499996 0.67692616875 0.2955571609375 0.68306909375 0.30887690624999997 0.6908875343750001 0.31557498125 0.7096524796875 0.291043225 0.7289755484375 0.2868637671875 0.7309860921875 0.28342966875000003 0.7290877328125001 0.2578469296875 0.71389780625 0.23366119218749998 0.70373379375 0.2272096453125
0 0.6916715484375 0.187655521875 0.67916209375 0.1739306640625 0.6635250828125 0.168054353125 0.651015375 0.1693691765625 0.6493394765625 0.19855036718750002 0.6380580734375 0.21907278749999998 0.6409618953125 0.23165871718750003 0.65112578125 0.24563010156249998 0.6651990765625 0.251670765625 0.6754751453125001 0.236625315625 0.68932534375 0.22550125156249998 0.69781409375 0.2235347875 0.698037825 0.2031003125 0.6916715484375 0.187655521875
0 0.7977788234375 0.287152078125 0.795545309375 0.2659016109375 0.7955454375000001 0.2583817703125 0.7974443046874999 0.25388514687499997 0.7879504734375 0.2462889015625 0.7867219140625 0.242120984375 0.7880622765624999 0.239831584375 0.7863868875 0.2389334140625 0.776669578125 0.23673196093749999 0.768069153125 0.237635903125 0.7567880031249999 0.24311864375 0.7503096703125001 0.2491708484375 0.7456184015625 0.257183746875 0.7430492265625 0.2703449109375 0.7453944156250001 0.2926579015625 0.7591324312500001 0.3105506765625 0.76527535625 0.32387042187500004 0.769184640625 0.3234595390625 0.7744344125 0.313239415625 0.787726234375 0.2968027359375 0.8003477453125001 0.28903059531249997 0.8029166671875 0.2909091125 0.8067142765625 0.28943570625000004 0.7977788234375 0.287152078125
0 0.84212055 0.3254620140625 0.8362009765625 0.314267315625 0.8263721187499999 0.3034835 0.8055972656250001 0.293850153125 0.7938694125 0.2950828 0.783034965625 0.3048156359375 0.7740992609374999 0.3175716859375 0.7686260078125 0.33318660312500004 0.76873755625 0.341768965625 0.7841510890625 0.35304006875 0.7915227 0.3630078921875 0.7982238765624999 0.38916009375 0.80157465625 0.3909564359375 0.809393225 0.390134671875 0.8150899546874999 0.36912496250000004 0.824584165625 0.3541616875 0.8454710765625 0.34229803593749997 0.84212055 0.3254620140625
0 0.8693734828125 0.344082834375 0.885010746875 0.33491946562499997 0.8929412453125 0.32012054375 0.8976327671875 0.29706796406249997 0.89584608125 0.27254775000000003 0.8909317171875 0.26339592343749996 0.8804326781249999 0.25375680625 0.8698218359375 0.25057500625 0.8654657218749999 0.254255634375 0.86479566875 0.2478804953125 0.8615565640625 0.24714667656249997 0.829612109375 0.2515784359375 0.827601565625 0.2550125359375 0.8316224 0.263184015625 0.8294999265625 0.280595271875 0.8330740562500001 0.2845166609375 0.8319570468749999 0.2889311078125 0.824920334375 0.2896706953125 0.825255234375 0.30037810625 0.83966343125 0.3171261796875 0.8468114375000001 0.34000863593749997 0.8518376062499999 0.34270314687500003 0.8693734828125 0.344082834375
0 0.9516939593749999 0.20974206875 0.9406365421875 0.1947903359375 0.9311427109375 0.187194090625 0.9115964171875 0.1817286625 0.9002035906250001 0.1861488796875 0.8909328593750001 0.195717359375 0.877194209375 0.21542378750000002 0.873396346875 0.23193687343749997 0.8737311203125 0.2501641234375 0.8844536375000001 0.25440844687499997 0.8962929125000001 0.26927800468749996 0.8997552390625 0.27965670781249996 0.9054515890625 0.2812065203125 0.9179612984375 0.279891696875 0.940747075 0.263531421875 0.9532570390625 0.2471769171875 0.9562730437500001 0.23074600781250001 0.9516939593749999 0.20974206875
0 0.82425205625 0.1780177921875 0.8095084531250001 0.18064166718750002 0.7943178921875 0.19405513125 0.787057321875 0.222749034375 0.7877272484375 0.23664401562499998 0.7977795859375 0.2420330375 0.8043693390625 0.25208303593750003 0.8163205437500001 0.2529754359375 0.8580941109375001 0.2442878125 0.863232334375 0.225485328125 0.8607753421875 0.20962965156250002 0.8538505593749999 0.1963920828125 0.839777390625 0.1828315796875 0.82425205625 0.1780177921875
0 0.9088045234375001 0.15516557656250002 0.9022148953125001 0.1375957375 0.8825571812499999 0.1160281046875 0.8665850171875 0.1144840640625 0.8499425437499999 0.1216045640625 0.8402249812499999 0.1344427921875 0.8343049015625 0.1533274546875 0.8369851171875 0.178828015625 0.850834934375 0.19026347187499998 0.865019653125 0.212406340625 0.8699341468749999 0.2140383296875 0.8783112187500001 0.21100934062499999 0.8798750609375 0.2033251484375 0.8881405859375 0.191713796875 0.906681925 0.18009667499999998 0.9095861281250001 0.1701230796875 0.9088045234375001 0.15516557656250002
0 0.9169592625 0.0898528203125 0.913832215625 0.0676220046875 0.8952908765625001 0.079239128125 0.8844561765625001 0.10401164375000001 0.8846793999999999 0.1136565296875 0.9034435828125 0.13424381406250002 0.9072409390624999 0.14781008906249998 0.9128254859375 0.15581721875 0.9357226828125 0.155559146875 0.9444349109375001 0.1481978890625 0.9531472671874999 0.133316790625 0.9539292500000001 0.125714775 0.9506902734375 0.1174611171875 0.9169592625 0.0898528203125
0 0.8540760671875001 0.070679846875 0.8351999546875 0.06406971875 0.810962265625 0.0741370296875 0.8006862 0.08918248125 0.7984521765625 0.09801137343750001 0.7968883359375 0.10569556718749999 0.8020258 0.132012121875 0.8104026203125001 0.1440228140625 0.823023878125 0.15129035468750002 0.8339698734375001 0.150139884375 0.8497191921875 0.11947951718750001 0.869377415625 0.1109677890625 0.8673672531250001 0.09184236875 0.8612243296875001 0.078522621875 0.8540760671875001 0.070679846875
0 0.724397859375 0.18314158593750002 0.7133395546875 0.220828734375 0.7136744546875 0.23153614375 0.7296462375 0.25563970625 0.74204414375 0.2607822 0.7552242890625 0.24328299687500002 0.778791796875 0.2343603859375 0.7789039796874999 0.2053435484375 0.7661713 0.181973803125 0.751316146875 0.17601531718750002 0.7394766171875 0.176185440625 0.724397859375 0.18314158593750002
0 0.69357143125 0.1230001765625 0.6834070390625 0.1391081515625 0.6794975015625 0.1545587140625 0.6799440765625 0.1663286484375 0.6849701171875 0.17654299843750001 0.6989316125 0.1890409796875 0.71468055 0.18094013281250002 0.7431625515625 0.1736495109375 0.7469604125 0.157136425 0.7408176156249999 0.136296840625 0.728196484375 0.1215094578125 0.7156869015625 0.1153044421875 0.69357143125 0.1230001765625
0 0.6239862984375 0.12279404218750001 0.6171728125 0.133178515625 0.6176195156250001 0.1374286109375 0.6292355656249999 0.1426532796875 0.6498984906249999 0.166263784375 0.6753646109375 0.1678842296875 0.6768167765624999 0.1591375140625 0.6742481078125 0.142219315625 0.665312909375 0.12489600625 0.656489259375 0.116155059375 0.63895338125 0.114775371875 0.6239862984375 0.12279404218750001
0 0.6809510609375 0.0630937546875 0.6654254734375 0.073319646875 0.6559311343750001 0.0958027625 0.657047765625 0.1139478375 0.6763703265625 0.139847740625 0.6810614687500001 0.13935468125 0.6993795828125 0.1180926703125 0.7162454078125 0.11309721875 0.7194847640625001 0.0987913546875 0.7169160953125 0.0818731578125 0.711778378125 0.0705962828125 0.697258378125 0.060305525000000006 0.6809510609375 0.0630937546875
0 0.7810283546875 0.07513468749999999 0.7601418265625 0.06443881875 0.7376913296875001 0.06894698437499999 0.7287556234375 0.08170303437500001 0.7236174 0.1005055203125 0.7242873265625 0.11440050156249999 0.742381328125 0.1361324875 0.7456203046875001 0.14438614375 0.76014043125 0.1471570609375 0.7725384640625 0.1447797140625 0.7846015984375 0.1316949578125 0.790186525 0.117142565625 0.7911919859375 0.10414575625 0.7887349953125 0.0882900796875 0.7810283546875 0.07513468749999999
0 0.8542864796874999 0.8398285953125001 0.83965455 0.84351499375 0.8301604656249999 0.850958428125 0.8213363093750001 0.87229684375 0.8228998953125 0.87965233125 0.8791935875 0.8737356265624999 0.8832146734374999 0.8668674265625 0.8917034234375001 0.8649009624999999 0.8948307234374999 0.8720920968750001 0.9024259406249999 0.8691452859375 0.8973998999999999 0.8589309343749999 0.8842202625000001 0.8463507765625 0.86612600625 0.8396584718750001 0.8542864796874999 0.8398285953125001
0 0.9322505874999999 0.7242081390624999 0.9138214296875 0.7068084234375 0.8989662781250001 0.7008499375 0.8886904625 0.7008557078125001 0.879084703125 0.7072366171875 0.8583092140625 0.7352024734375 0.8519424296875 0.74983704375 0.8560746859374999 0.7741107265625 0.8713762875000001 0.7993589875 0.88980544375 0.8167587046874999 0.9113621546875 0.8263098734375 0.9185105421875001 0.8266328093749999 0.9281163015624999 0.8202518968750001 0.94799825625 0.7913056953125001 0.952131146875 0.7779801796875 0.9492274515625001 0.7578744109375 0.9322505874999999 0.7242081390624999
0 0.8489265515625 0.7587481125 0.828263628125 0.735137609375 0.8067069171875 0.7255864390625 0.7949790640625001 0.7268190859375 0.77587921875 0.7406434328125 0.7688422546875 0.7564227 0.7675016390625 0.77375178125 0.7717455703125 0.799087990625 0.79274339375 0.833405903125 0.8115077046874999 0.846473346875 0.82759154375 0.8490799125 0.8463562343750001 0.8395878359375001 0.853951578125 0.829121184375 0.8593132812500001 0.80492390625 0.8577499468750001 0.7825287390625 0.8489265515625 0.7587481125
0 0.8435684015625 0.572389865625 0.8311704953125 0.567247371875 0.810618865625 0.5672589140625 0.796321965625 0.5741328828125 0.7845938593749999 0.5904052109375 0.78057264375 0.6047932484375 0.7818009499999999 0.624000846875 0.7892841109375001 0.6425510328125 0.8039156578125001 0.661424153125 0.8239086562500001 0.6711396765625001 0.8474760375000001 0.6697369046875 0.8611028828125 0.6564877953125 0.8697036890625001 0.6330243328125 0.8686988625 0.60842194375 0.8623325859375001 0.5929771500000001 0.8435684015625 0.572389865625
0 0.8044740375 0.6667367703125 0.786938540625 0.6427975625 0.7699612953125 0.6316908109375 0.7572282343750001 0.6308805890625 0.7453885796875 0.6385705515625 0.732878615625 0.6549250546875001 0.7258416515625 0.6707043234375 0.7271816328125 0.6909744453125 0.732207546875 0.7087086359375 0.7603538859375 0.7358296453125 0.7669437671875 0.738359803125 0.78001198125 0.7348377562499999 0.7925219453125 0.7184832531249999 0.8098345984374999 0.7102180546875 0.812180296875 0.7024516843749999 0.8100584578125 0.6822637390625 0.8044740375 0.6667367703125
0 0.7514217328125 0.5380301703125 0.7335509546875 0.525943071875 0.714116209375 0.52906000625 0.7013828953125001 0.5432894640625 0.6924470625 0.5635653546875 0.69378704375 0.5838354765625 0.69858960625 0.599444621875 0.7064079203125 0.6136625375 0.724166896875 0.6322069515625001 0.7372349828125 0.6362047468750001 0.747957628125 0.632929228125 0.77476461875 0.6021809140625 0.7740948203125 0.58076609375 0.76337268125 0.55396225 0.7514217328125 0.5380301703125
0 0.6704441546875 0.51968473125 0.641292228125 0.513080375 0.630457909375 0.5152933671875 0.62174568125 0.5226546265625001 0.613703253125 0.5514307031250001 0.6176120296875001 0.5810991828125001 0.63101501875 0.5958043875000001 0.6448649625 0.5997200031250001 0.6577097000000001 0.60159275 0.676027559375 0.595370421875 0.684069734375 0.5816340234374999 0.687867596875 0.5651209374999999 0.68541073125 0.5417454234375 0.6800496625 0.5283435015625 0.6704441546875 0.51968473125
0 0.714673065625 0.62461070625 0.6928931296874999 0.6054146499999999 0.67703276875 0.5974132921875001 0.6653049156249999 0.5986459390625 0.65514065 0.6072340734375 0.6459814671874999 0.62538491875 0.641736775 0.6451677515625 0.6434117828125 0.6686254421875 0.650336565625 0.6818630109375 0.6845144078125001 0.7062015609375 0.7013802296875 0.7012061093749999 0.7066301312500001 0.6834661468750001 0.7151188796875 0.6814996812499999 0.719586796875 0.6713617359375 0.722267775 0.6517432546874999 0.7198107828125 0.63588758125 0.714673065625 0.62461070625
0 0.7405843671875 0.7207193296875001 0.7314255640625 0.7163106531250001 0.7293034703125 0.7111623890625001 0.71020400625 0.7024272140625001 0.6900990796875 0.7066888484375 0.677142415625 0.718793259375 0.6725626953125 0.735388521875 0.6766949515625 0.75966220625 0.6908800484375 0.7592455546875 0.7097561609375 0.7658556812499999 0.72539291875 0.7867716734375 0.7365621390625 0.795266090625 0.7432638234375 0.7913389328125 0.747843415625 0.782263509375 0.7499660140625 0.7573324140625 0.7477325 0.7360819453125 0.7405843671875 0.7207193296875001
0 0.7334347109375 0.795594796875 0.711654903125 0.7688788984375 0.686970765625 0.7596564359375 0.667200865625 0.767105640625 0.6520101781250001 0.7880389453125 0.6477654859374999 0.807821778125 0.6537962281249999 0.8501583593750001 0.6589339453124999 0.8614352359374999 0.672560284375 0.8782654859375001 0.6861867515625 0.8875758953125 0.7023822656250001 0.891244984375 0.7232690500000001 0.8869011718750001 0.735555534375 0.8759414624999999 0.739688678125 0.847576265625 0.73779044375 0.8144736874999999 0.7334347109375 0.795594796875
0 0.794864978125 0.8686335265625 0.7918497343750001 0.8399453953125 0.786376990625 0.82548095 0.7727506515625 0.8086507 0.7633684953125 0.802116978125 0.736338659375 0.8006608828124999 0.740917871875 0.8141449812499999 0.7416989671875001 0.8591818468750001 0.7365607437499999 0.8779843312500001 0.72606145 0.8833848968750001 0.726508153125 0.8876349906250001 0.7307525921875 0.8828918375000001 0.733656540625 0.8879579265625 0.7408049265625001 0.8882808609374999 0.792295803125 0.881794690625 0.794864978125 0.8686335265625
0 0.678033028125 0.8927299312500001 0.6594923234375 0.8667478515625 0.629223640625 0.849518259375 0.6084485328125 0.8549245953125 0.60264038125 0.8598321 0.5931461671875 0.874795375 0.5875611140625 0.8968676062500001 0.5891247015625 0.90422309375 0.678033028125 0.8927299312500001
0 0.6290019375 0.7496352921875 0.6125831984375 0.7363213156249999 0.6010788218750001 0.7321591703125 0.58622354375 0.7337205234375 0.5706979546875 0.743946415625 0.561762121875 0.76422230625 0.5594162984375 0.7795085171875 0.5607562796875001 0.7997786375 0.567010753125 0.821680746875 0.5877853546875 0.846353771875 0.6018586499999999 0.8523944359375 0.6313458578125 0.847146684375 0.645978040625 0.8284206046874999 0.6486592718749999 0.79376244375 0.6465373078125001 0.7810943406249999 0.639165821875 0.7636066765625 0.6290019375 0.7496352921875
0 0.6619512203125 0.7698059234375 0.65156385625 0.7612293296875 0.6399476796875 0.7635245 0.6495529328125 0.7872229500000001 0.6619512203125 0.7698059234375
0 0.579633534375 0.738710203125 0.5728203015625 0.7340549984375 0.55215686875 0.7405238578125 0.552715121875 0.7533563140624999 0.5593810453125 0.7902215296875 0.5661183640624999 0.7530218375 0.579633534375 0.738710203125
0 0.5331706031250001 0.6426131234375 0.5215543 0.6524281328125 0.512506790625 0.6716415015625 0.5097141359374999 0.6901974578125001 0.51094256875 0.7018852156250001 0.53395131875 0.7102095078125 0.5511516624999999 0.7384809859375 0.5709215609375 0.73103178125 0.5814211078125 0.7105915359375 0.5842137609375 0.6920355812500001 0.58175676875 0.67617990625 0.576954078125 0.6680906015625 0.5455686375 0.6402357750000001 0.5331706031250001 0.6426131234375
0 0.549922975 0.741832909375 0.5379721515625 0.7183809906249999 0.5249041906249999 0.7068633546875 0.5073683124999999 0.7054836671875 0.485029365625 0.7185741953125 0.47564682812500003 0.7345999937500001 0.47129046093750004 0.753320303125 0.47274199218749996 0.7821727875 0.4758692921875 0.7893639218749999 0.49016568749999995 0.8125693125 0.5055792171875 0.8238404171875 0.517530421875 0.8247328171874999 0.53417289375 0.8176123171875 0.5461243515625 0.8034650375 0.5551718609375 0.7842516703125 0.5547254109375 0.7649618953124999 0.549922975 0.741832909375
0 0.5854396562499999 0.8541201421875 0.568574340625 0.829036234375 0.544560384375 0.8186690703125 0.5251256390625 0.8217860046875 0.5132859828125 0.8294759703125001 0.49608526093750005 0.8237640109375001 0.49630823125 0.8484485796874999 0.4892711390625 0.8717476874999999 0.482345975 0.8810696390625001 0.48379775937499997 0.89488244375 0.488488775 0.901909225 0.5109390171875 0.912440740625 0.582087990625 0.9049626828124999 0.585662246875 0.9013642296875 0.5914707781249999 0.8738972046875 0.5854396562499999 0.8541201421875
0 0.47720952812500006 0.7945943625 0.46224282499999997 0.7800535125 0.44883971093749997 0.7728681468749999 0.43633000156249996 0.7741829703125 0.425160528125 0.7807282359375 0.41633649687499996 0.794546809375 0.40762388749999995 0.8244675875 0.40773531093750004 0.8405697921874999 0.4171172125 0.8621431953125 0.4406842125 0.8832999453125 0.4581082875 0.8911369499999999 0.46972446406249996 0.8888417796875 0.48335131249999996 0.8755926703125001 0.49005312187500005 0.8641456703125 0.49463296874999996 0.8400305687499999 0.49362801406249995 0.8229480171875 0.47720952812500006 0.7945943625
0 0.37467574843749996 0.7366183937499999 0.363059571875 0.7389135640625 0.3580332765625 0.74373889375 0.34664019687500003 0.763198790625 0.3418373796875 0.7626293265624999 0.338262996875 0.7737476187500001 0.3409430875 0.8067680203125001 0.3482028953125 0.8231931609375 0.39399691406250004 0.8452365390625 0.40583657031250003 0.837546575 0.41052821875 0.8069741546874999 0.42270328125 0.7799122406250001 0.4181240703125 0.7664281421875 0.407960184375 0.7524567578125 0.38852569375 0.7405340109375 0.37467574843749996 0.7366183937499999
0 0.41756708593749997 0.6783972828125 0.40327005781249997 0.69279109375 0.3980201578125 0.71053105625 0.4051679109375 0.7484531921875 0.42839975781249995 0.7739422125 0.45085025468750006 0.7694340484375 0.46246655781249996 0.7596190375 0.47084375781250004 0.749070209375 0.47989139375 0.722337 0.47106812500000006 0.691036534375 0.44817130625 0.668735084375 0.434097884375 0.6702142609374999 0.41756708593749997 0.6783972828125
0 0.4831322734375 0.61779305625 0.4703992125 0.61698283125 0.45107589062500003 0.6362019703125 0.4476130546875 0.655902628125 0.44303346250000003 0.66497805 0.4547611890625 0.67126524375 0.4690577078125 0.68695079375 0.48022667500000005 0.710484890625 0.5073685671875 0.6904439874999999 0.5115015828125 0.66959863125 0.5088212390625 0.651617909375 0.49162089531250003 0.62334643125 0.4831322734375 0.61779305625
0 0.3524501265625 0.6530135234375 0.3382649 0.660950015625 0.3258666125 0.67836704375 0.32117521718750003 0.6938997812500001 0.322961903125 0.718419996875 0.3286579984375 0.7350094890625 0.3464169734375 0.753553903125 0.366633828125 0.7353151125 0.39142976875 0.7380802578125001 0.39690289375 0.7299851828125 0.39891394375 0.696471721875 0.3948932375 0.6807804015625 0.36898079375 0.6523503390625 0.3524501265625 0.6530135234375
0 0.43141842812500003 0.5995946578125 0.415446390625 0.5905307765625001 0.4046120703125 0.592743771875 0.385400421875 0.6130254328125 0.371773321875 0.6413142234375 0.371326365625 0.6521038109374999 0.39913755 0.6835570890625 0.404945575 0.6861694234375 0.4368902828125 0.666697984375 0.4471663515625 0.6516525343749999 0.44984720312500004 0.6395538937499999 0.44783691406250004 0.6279483140625 0.43957176875000004 0.61700014375 0.43778483125 0.6075196093749999 0.43141842812500003 0.5995946578125
0 0.397464825 0.5247422734375 0.386183803125 0.522705175 0.37244540625 0.5273719203125 0.36004711875 0.5447889484374999 0.3569194375 0.560157334375 0.3614983953125 0.5886811125 0.3674179703125 0.5998758125 0.38059760625 0.61245596875 0.387410965625 0.6095913328125 0.40293668125000004 0.5918456 0.4199141796875 0.5879126718750001 0.4209196421875 0.5749158609375 0.4174575671875 0.5494974765625 0.40774051250000004 0.5322563421875001 0.397464825 0.5247422734375
0 0.5484738546875 0.5701034609375 0.5279224796875 0.555075321875 0.517646665625 0.5550810921875 0.506365515625 0.5605638328125 0.49497243593749995 0.5800237312500001 0.4896108609375 0.5967011703125 0.4902807875 0.6105961515625 0.4958652078125 0.62612311875 0.5097148984375 0.6450784171875 0.518985378125 0.650549615625 0.543669896875 0.6372125578125 0.546909125 0.6304265359375 0.55874878125 0.622736571875 0.5626583203125 0.6072860078125 0.5584142625 0.589469640625 0.5484738546875 0.5701034609375
0 0.44917867031250003 0.5429406718750001 0.43108416250000003 0.551288046875 0.42270696093750004 0.561836875 0.42181317500000004 0.5758962078125001 0.422594778125 0.5908537125 0.4385666875 0.6074374328125 0.45141104375 0.6318697015625 0.466489928125 0.6173937140625 0.4788879625 0.61501636875 0.4877119921875 0.60119779375 0.48592518125 0.58419741875 0.47888885 0.5623774859374999 0.46191173281250003 0.54375089375 0.44917867031250003 0.5429406718750001
0 0.56321885625 0.48476134374999996 0.55204938125 0.49130660625000006 0.5388692359375 0.508805809375 0.5349596984375 0.5242563734375 0.5403205140625 0.552697975 0.54713361875 0.5648730203125 0.565339425 0.5801476890624999 0.587231415625 0.5778467484375 0.6096822937499999 0.5507790640625 0.61079943125 0.5388447765625 0.605438615625 0.510403175 0.5924824578125001 0.49242822343750003 0.5798612000000001 0.485160684375 0.56321885625 0.48476134374999996
0 0.48168251875 0.4836628078125 0.4690608796875 0.49895478750000005 0.4657098484375 0.5121981265625 0.4700653265625 0.5461167 0.48101106875 0.5600059109375 0.48927634062500003 0.5634342390625 0.5221144546875001 0.5524629875 0.529486446875 0.5398712875 0.533172634375 0.522295678125 0.5236791828125 0.49213991406249996 0.5156373890625 0.4833167890625 0.5049148734375 0.4790724671875 0.48168251875 0.4836628078125
0 0.46068317187499996 0.539582978125 0.4644809078125 0.53058973125 0.46615693281250004 0.49388870156250003 0.457333409375 0.477627915625 0.441473046875 0.46962655781249996 0.4194693796875 0.470864975 0.4120975140625 0.47593683281250004 0.4045020453125 0.493923325 0.40271472499999994 0.5070023109374999 0.4046132125 0.525065209375 0.41890960625 0.5482706 0.4323128484375 0.5479361234375 0.43823267499999996 0.5440911421875 0.4366690875 0.5367356546875001 0.44180705937500003 0.5329728484375 0.44973730468750006 0.5332136078125 0.4504073578125 0.5395887484374999 0.46068317187499996 0.539582978125
0 0.6524586578125 0.6870112749999999 0.6431883046875 0.6740202359375 0.6296735140624999 0.6657723484375 0.6097920671875 0.6646391890625 0.5979524109375001 0.672329153125 0.58924005625 0.6872102515625 0.5863357265625 0.704703684375 0.58901594375 0.7302042453124999 0.6099026000000001 0.733380275 0.6262096640625 0.7456317265625 0.638160615625 0.7615638078125 0.6459791828125 0.7607420421875 0.653909553125 0.7534629609375 0.6604996890625 0.7409534390625 0.6636273703125 0.725585053125 0.6607236750000001 0.7054792859375 0.6524586578125 0.6870112749999999
0 0.23651069374999997 0.7382489953125 0.19909311406250002 0.750775828125 0.194401846875 0.7587887265625 0.195630153125 0.7779963249999999 0.201773078125 0.7913160703125001 0.21249546874999997 0.8030802343750001 0.22958451562499999 0.8077296687500001 0.23327044843750003 0.8051937390624999 0.2361746515625 0.7952201453125001 0.24790326562499998 0.7488684578125 0.2472332109375 0.7424933171875 0.2415369890625 0.7334236656249999 0.23651069374999997 0.7382489953125
0 0.21339191875000002 0.6311042546875 0.1978664578125 0.6338103078125 0.1775379265625 0.650986578125 0.166144846875 0.6704464734375 0.1627936875 0.6912096531249999 0.164357021875 0.713604821875 0.1734038953125 0.7319906546875 0.18647185625 0.7435082890625 0.203560903125 0.7481577234375 0.2286922515625 0.73155091875 0.24600541250000002 0.693206359375 0.246899453125 0.6641073453125 0.24265526875 0.6538108171875 0.2265716828125 0.636164571875 0.21339191875000002 0.6311042546875
0 0.2560574953125 0.7136350625000001 0.27002013125 0.6584544796875 0.26555246875 0.653552746875 0.2569520421875 0.6544566875 0.2494682484375 0.673505703125 0.2467871421875 0.7006440234375 0.252036534375 0.712983421875 0.2560574953125 0.7136350625000001
0 0.253379815625 0.5377376968750001 0.24176363906249998 0.5400328671875 0.22344552499999998 0.5612948765625 0.21573812499999998 0.593258525 0.22042875781250001 0.6228448265625001 0.237852578125 0.6457215125 0.24790491406249998 0.651110534375 0.2692384015625 0.6510168171874999 0.27392966875 0.6430039187500001 0.28755715 0.59215560625 0.2910201109375 0.564935109375 0.2808562265625 0.550963725 0.26879347343750004 0.5414889609375 0.253379815625 0.5377376968750001
0 0.2587411375 0.5360999390625001 0.2738196421875 0.544183471875 0.29247215 0.5637082343750001 0.2983921046875 0.5523434125 0.308892159375 0.50182380625 0.2954891703125 0.487118603125 0.28063388906250003 0.48867995625000005 0.2691292625 0.49955748906249997 0.2622039734375 0.5163992828125 0.2587411375 0.5360999390625001
0 0.3033087546875 0.42613811718749994 0.30978670625000004 0.44264543281249996 0.30900459687500004 0.4577672890625 0.302414459375 0.47027681093749996 0.3014089984375 0.4832736203125 0.3094506640625 0.499616584375 0.3147004375 0.4893964609375 0.3281045671875 0.436423103125 0.3231902015625 0.427271275 0.30777654375 0.42352001093749997 0.3033087546875 0.42613811718749994
0 0.29437355625 0.40881480625 0.2770612828125 0.3945204859375 0.25974875625 0.39526584374999996 0.25304707187500003 0.3991930015625 0.23685105 0.425603275 0.2348403796875 0.436557215625 0.24064789687500002 0.4692489109375 0.24489220781249998 0.4720255984375 0.2485778859375 0.48452935 0.267230521875 0.496534271875 0.2775064640625 0.48900866093750006 0.2935904296875 0.4840953859375 0.3093398765625 0.4459151796875 0.3074412625 0.43537212187499996 0.29437355625 0.40881480625
0 0.16156487343749998 0.7020814171875001 0.16301729375000001 0.6782950203125 0.1611185515625 0.675271803125 0.14872051875 0.6776491499999999 0.1300675046875 0.6882037484375 0.11900957812499999 0.7033313765625 0.113871353125 0.7221338625 0.116663246875 0.748696946875 0.1374378453125 0.7733699734374999 0.1546385703125 0.77908193125 0.1672599546875 0.77882963125 0.1837907515625 0.7706466078124999 0.1932849625 0.7556833328125 0.1916097 0.7472653234375 0.1788767671875 0.738935259375 0.1649154 0.7189174390625 0.16156487343749998 0.7020814171875001
0 0.1768693953125 0.554373353125 0.1606734984375 0.5732637875 0.1557586265625 0.5941913203125 0.1574337609375 0.6101291703125 0.16167794687499998 0.6204256984375001 0.1716184796875 0.6322720375 0.18479824218750002 0.6373323546874999 0.21707785156249998 0.6285683265625 0.2151797453125 0.5879459078125 0.22210516249999998 0.5635842765625 0.21752582343750002 0.55762001875 0.2034525265625 0.5515793546875 0.1768693953125 0.554373353125
0 0.22858514375 0.45977414687499996 0.2145118484375 0.45373348281250003 0.2013319578125 0.4561930078125 0.19116769218750002 0.4647811421875 0.177429040625 0.48448756875 0.174748190625 0.4965862078125 0.1747480640625 0.5041060484375001 0.180220934375 0.5110506546875 0.19150145000000002 0.5431671140625001 0.19764450312499998 0.54896701875 0.2197597171875 0.556310965625 0.24142861249999997 0.5368452968749999 0.24712546875000002 0.5083157468749999 0.24589716250000002 0.48910815 0.2395308859375 0.47366335781249996 0.22858514375 0.45977414687499996
0 0.23785638437499998 0.42012630624999997 0.2512600078125 0.397232309375 0.24120767031249998 0.3918432859375 0.224230171875 0.39577621406249996 0.21272529062499998 0.4216934296875 0.215852209375 0.451444084375 0.23316473593749998 0.4506987265625 0.23785638437499998 0.42012630624999997
0 0.17407953125 0.407492825 0.168382928125 0.4209826953125 0.17050464062499998 0.44869047812499996 0.1817854109375 0.465767259375 0.186811578125 0.4684617703125 0.20122028281249998 0.45513048281249996 0.2135066390625 0.4516906140625 0.21138492812499998 0.42398282812500004 0.22132609531249997 0.39822996875 0.20568908593750002 0.3923536578125 0.186366015625 0.396533115625 0.17407953125 0.407492825
0 0.1239248328125 0.6598443234375 0.12895074687500002 0.6775785140624999 0.1326365515625 0.6825624265625 0.13810955 0.681987190625 0.163352446875 0.67396275 0.1818941671875 0.6397861078125 0.162348 0.6268008390625 0.147380790625 0.6423393484375 0.12571202343750001 0.6542851765625 0.1239248328125 0.6598443234375
0 0.110521590625 0.6601788 0.0853907484375 0.64670624375 0.07913589531250001 0.6473636546875 0.0621581421875 0.6663362640625 0.0497596 0.6987929703125 0.051434609374999996 0.7222506609375 0.060369807812499995 0.739573971875 0.0723208859375 0.7479862109375001 0.087287840625 0.7474873828125 0.11286601874999999 0.72761083125 0.1132012984375 0.7157587203125 0.1276102578125 0.6873877546875 0.126716978125 0.6713677265625 0.1215792609375 0.660090853125 0.110521590625 0.6601788
0 0.1558705546875 0.5802141625 0.12113408125 0.5656026749999999 0.11219862968750001 0.563319046875 0.0919820265625 0.5665181578125 0.07723816875 0.5841817140625001 0.072993478125 0.6039645484375 0.07388675624999999 0.6199845749999999 0.080029553125 0.6408241625 0.09298583906249999 0.651279271875 0.10940470625000001 0.65707340625 0.12269627187500001 0.65567640625 0.147269115625 0.641276825 0.1600024296875 0.6270473671875 0.159109025 0.6185471812500001 0.1543063328125 0.6104578765625 0.1558705546875 0.5802141625
0 0.126831065625 0.5295532875 0.123033075 0.5535862140625001 0.12325630000000001 0.5632311 0.1259368984375 0.566172140625 0.155647203125 0.578089115625 0.1708378921875 0.5571558125 0.191948153125 0.5474172078125 0.179550753125 0.512195353125 0.1664827921875 0.50067771875 0.1461545140625 0.5028143078125 0.13733061093750001 0.5091130421875001 0.126831065625 0.5295532875
0 0.128953790625 0.49710235 0.137665765625 0.5047807718749999 0.1560953015625 0.49962096718750004 0.171955790625 0.5001024843749999 0.18234378906249998 0.47107987500000004 0.1680473953125 0.4478744859375 0.1558728390625 0.4448570390625 0.1416876140625 0.45279353125000005 0.127948709375 0.48753963906250003 0.128953790625 0.49710235
0 0.0494245734375 0.6956054 0.0670728875 0.6529285703125 0.0495372640625 0.6365092031249999 0.0351286875 0.6423206484375 0.02144405625 0.6578779734375 0.013892740625 0.6583844875 0.018597003125 0.703142553125 0.0229528640625 0.7145016046875 0.0384780703125 0.7268352328125001 0.049535742187499995 0.726747284375 0.0494245734375 0.6956054
0 0.0760098640625 0.5649741171875 0.059367390625 0.572094615625 0.048197790625 0.586159721875 0.041719203125 0.6072516078125 0.0422774546875 0.6200840640624999 0.0466333140625 0.631443115625 0.06774306875 0.651783871875 0.073774571875 0.6490014125 0.0786891921875 0.6431135609374999 0.0735516015625 0.624316846875 0.0724350984375 0.5986519312499999 0.07645631093750001 0.5842638906250001 0.08829609375 0.5690540875 0.0760098640625 0.5649741171875
0 0.07254753593749999 0.5545954125 0.079919146875 0.5645632359375 0.12158090937499999 0.5623329296875 0.1267193890625 0.5284907624999999 0.1372189359375 0.50805051875 0.121247025 0.491466796875 0.0960042546875 0.4919713984375 0.0838294453125 0.50399363125 0.0705373734375 0.5354699921875 0.07254753593749999 0.5545954125
0 0.0728843390625 0.4525052203125 0.07489450156250001 0.4716306421875 0.087850659375 0.4896055921875 0.11376361093750001 0.48795629218750003 0.12437445312499999 0.49113809062499997 0.1373315 0.4564741609375 0.1269443890625 0.4328578875 0.10516432812500001 0.4211816703125 0.082490353125 0.431084628125 0.075006684375 0.4426138046875 0.0728843390625 0.4525052203125
0 0.07746456562500001 0.405830596875 0.07802281718750001 0.4186630546875 0.0829371828125 0.4278148828125 0.10583450937500001 0.420036971875 0.12147151875 0.42591328281249996 0.13219479843749998 0.3850385640625 0.1210257046875 0.36902430625 0.11108504374999999 0.3646978078125 0.1017027609375 0.365683925 0.0908683140625 0.375416759375 0.07746456562500001 0.405830596875
0 0.0407139953125 0.6052087359375 0.046522400000000005 0.5852615515624999 0.035464984375 0.5703098171875001 0.019492945312500003 0.5612459359375 0.0062013796874999996 0.5626429359375 0.004002384375 0.564284028125 0.013348245312500001 0.6532039546874999 0.020831659375 0.6567144593750001 0.029767364062500003 0.6439584078125 0.045292953125 0.633732515625 0.0407139953125 0.6052087359375
0 0 0.5262038875 0.0038987609375 0.5632981265625 0.0060897046875 0.5615804125 0.025636125 0.5595260015625 0.0238491875 0.5500454671874999 0.00810088125 0.5205471125 0 0.5154306281250001 0 0.5262038875
0 0.0704267125 0.474248746875 0.034349621875 0.47696634062500004 0.013686062500000002 0.490955040625 0.0089945421875 0.51400761875 0.0162542234375 0.5379525984375 0.030885771875000002 0.5568257187500001 0.0493150546875 0.56670559375 0.061377934375 0.5686605171875 0.0738877703125 0.5598258546875 0.07064879375000001 0.5515721953125 0.070649175 0.5290126765625 0.07746278906250001 0.5111083609375 0.0870686765625 0.497207609375 0.0704267125 0.474248746875
0 0 0.4968714703125 0.0085480921875 0.49471784531249996 0.0121224765625 0.4835995515625 0.0206112265625 0.4816330875 0.026866207812499997 0.473455834375 0.028653525000000003 0.46037684843750004 0.026531560937499997 0.4477087453125 0.014468934375 0.430714140625 0 0.42505232968750006 0 0.4968714703125
0 0.028430428125 0.443212121875 0.029882085937500004 0.464544765625 0.0340145953125 0.4737787703125 0.0717670734375 0.47195934843750004 0.0724376359375 0.4482551265625 0.0805916109375 0.42806141093749994 0.076347428125 0.4177648828125 0.0694225171875 0.4120471546875 0.0513281359375 0.412874690625 0.0360259 0.4252256296875 0.028430428125 0.443212121875
0 0.0686419296875 0.3369309296875 0.045521506249999996 0.3275441140625 0.0306661 0.33662530625 0.024746145312500002 0.347990128125 0.0250807921875 0.37373721875 0.032563953125 0.3922874046875 0.044291551562499996 0.4060944390625 0.0526684984375 0.410585290625 0.06975767187500001 0.407714884375 0.07634768125 0.402725203125 0.0862887234375 0.38449218281249997 0.0868474828125 0.367245278125 0.0811513859375 0.3506557859375 0.0686419296875 0.3369309296875
0 0 0.4220023484375 0.00687384375 0.42614111250000003 0.0174846859375 0.4293229125 0.0259734359375 0.427356446875 0.0441797484375 0.41255175624999996 0.0317820953125 0.39236958125 0.021618590625 0.3558386734375 0 0.35811087812500003 0 0.4220023484375
0 0 0.26652464062500003 0.0025203953125 0.2719050984375 0.02128470625 0.2849725421875 0.0369218421875 0.2833290125 0.047309459375 0.27686592656250003 0.054234621875 0.26754397343749997 0.060936560937499995 0.24857713593750003 0.059261425 0.2326392828125 0.052113290624999996 0.21727666874999998 0.0421727578125 0.20543032968750002 0.027317604687500004 0.199471840625 0.015813103125 0.202829534375 0.0048669796875 0.21149984531250002 0 0.21981287031250002 0 0.26652464062500003
0 0.0711006984375 0.24750884218750002 0.063728834375 0.2525806984375 0.05702702187499999 0.264027696875 0.054793 0.272856590625 0.057920175 0.28756756562499997 0.09801797031250001 0.30054129218750003 0.108293784375 0.300535521875 0.110862834375 0.29489419843750003 0.10862944687500001 0.26612389062499997 0.1039384328125 0.25909710937499997 0.0994706421875 0.261715215625 0.0832751265625 0.258046128125 0.0711006984375 0.24750884218750002
0 0.0829413703125 0.17966015468750002 0.0644000296875 0.1912772765625 0.058144921875 0.2069743703125 0.0592615515625 0.2251194453125 0.06451094375000001 0.2374588421875 0.0864025546875 0.257717421875 0.108294546875 0.25541648125 0.12326175624999999 0.23987797031250002 0.12839998125000002 0.2210754859375 0.117342815625 0.191084071875 0.1110880890625 0.18422164218749998 0.093887365625 0.178509684375 0.0829413703125 0.17966015468750002
0 0.11052831406250001 0.26162726875 0.10996955625 0.27887417187499997 0.113431628125 0.30429255781250003 0.1473863734375 0.311466378125 0.153641228125 0.3108089671875 0.1628005390625 0.28513828281250003 0.15386559375 0.2527752921875 0.14247302343749998 0.2421558296875 0.1335375703125 0.23987219999999998 0.12203307031249999 0.24322989375 0.11432604843750001 0.2526340234375 0.11052831406250001 0.26162726875
0 0.18212297500000002 0.318558025 0.1977601109375 0.3169144953125 0.1870378484375 0.29763049218750004 0.1823470875 0.27556403125 0.17452851875 0.2763857953125 0.165034434375 0.2838292296875 0.1575506390625 0.30287824531249996 0.159560928125 0.314483825 0.18212297500000002 0.318558025
0 0.18703835468750002 0.26755113124999996 0.183799125 0.27433715468750003 0.1856976125 0.2924000515625 0.192957421875 0.308825190625 0.20680723906249998 0.3202606484375 0.23305521875 0.32179891875 0.22222165781249997 0.278892871875 0.22144018281250002 0.2564155265625 0.21138784687499998 0.2510265046875 0.197537775 0.254630728125 0.18703835468750002 0.26755113124999996
0 0.2628788484375 0.23702049375 0.2473535140625 0.2322067078125 0.23663087031250002 0.23548222343749997 0.22937068124999999 0.2416166046875 0.222557065625 0.2595209203125 0.22501380625 0.290416275 0.231044928125 0.3101933375 0.23875156562500002 0.3233487296875 0.2514845 0.33167879375 0.2603082765625 0.3328999 0.27181277812500004 0.3295422046875 0.2822005234375 0.315559278125 0.2844350515625 0.27665102343750003 0.27561165625 0.2528703984375 0.2628788484375 0.23702049375
0 0.3255388171875 0.24654858124999998 0.3151513265625 0.24549182812499998 0.2815312296875 0.2640650953125 0.2857754125 0.274361625 0.2874505484375 0.290299475 0.28543962500000003 0.3162930953125 0.291135846875 0.325362746875 0.3106821421875 0.33082817656249996 0.341956415625 0.3275411171875 0.35189783750000003 0.286748575 0.3430744421875 0.26296795 0.3368197125 0.2561055203125 0.3255388171875 0.24654858124999998
0 0.3446370125 0.3304821578125 0.352343778125 0.3361177109375 0.360050671875 0.334233421875 0.35993925 0.31813121875 0.3666413140625 0.2916445390625 0.3654127546875 0.287476621875 0.355918796875 0.287400215625 0.35334962187499996 0.3005613796875 0.3460893046875 0.3142156 0.3446370125 0.3304821578125
0 0.332576796875 0.170610590625 0.325539959375 0.17887001875 0.3179443609375 0.20437635156249997 0.32107128125 0.23412700625 0.325203790625 0.2433610109375 0.3374898953125 0.2549608203125 0.3583764234375 0.2656566890625 0.3727850015625 0.25984524375 0.385853978125 0.21120415625 0.379711178125 0.1903645703125 0.3602768140625 0.170921984375 0.34787890625 0.165779490625 0.332576796875 0.170610590625
0 0.2734895640625 0.24772213281250002 0.2805260203125 0.26202222656249996 0.31168887343749996 0.2426329640625 0.2996265 0.21059867968749998 0.285441528125 0.2034954921875 0.268240678125 0.205303375 0.259528196875 0.2277043140625 0.2601982515625 0.23407945312499998 0.2734895640625 0.24772213281250002
0 0.21764409687500003 0.16765085156249998 0.20144794687499998 0.2015809640625 0.19954895156250002 0.21359742812500002 0.2024526484375 0.2337031953125 0.2108294671875 0.2457138875 0.2216636609375 0.251020734375 0.23651919375000002 0.23441969999999998 0.25751765312499997 0.2311384125 0.26712379375 0.20219798125000002 0.261092671875 0.18242091875 0.2479131625 0.1623209203125 0.22792003749999998 0.1601252390625 0.21764409687500003 0.16765085156249998
0 0.17933235 0.2167965375 0.1814540625 0.2445043234375 0.1854748953125 0.2526758046875 0.192288128125 0.257331009375 0.21038263750000002 0.24898363437499998 0.200888934375 0.2338675484375 0.1995490796875 0.2060775875 0.20435215 0.1916073703125 0.1995493328125 0.19103790625 0.188491534375 0.19864569375000002 0.17933235 0.2167965375
0 0.1602318703125 0.268220084375 0.1657047421875 0.275164690625 0.1822354109375 0.27450150624999997 0.183910928125 0.2678798375 0.1792206734375 0.215734015625 0.17062025 0.21663795624999999 0.1642535921875 0.223752684375 0.1576634578125 0.23626220625 0.1557644625 0.2482786703125 0.1602318703125 0.268220084375
0 0.129963821875 0.2133912921875 0.1269476890625 0.23734204218750002 0.15319554062500002 0.2464001515625 0.155094534375 0.2343836890625 0.13666550625 0.20946413437500003 0.13007587812500002 0.19189429375 0.118012996875 0.189939371875 0.119576584375 0.197294859375 0.129963821875 0.2133912921875
0 0.1483943734375 0.1480727640625 0.1345441734375 0.159196828125 0.129517625 0.1790618375 0.13286802343749998 0.2034177 0.15196723437499998 0.2271925546875 0.1597858015625 0.226370790625 0.170173546875 0.21238786250000002 0.17810379062499998 0.21262862187499998 0.18804483125 0.1943956 0.182795565625 0.1745363625 0.181567259375 0.1553287640625 0.1636964828125 0.1432416640625 0.1483943734375 0.1480727640625
0 0.084506096875 0.11933708125 0.06831045625 0.12318783281250001 0.055241859375 0.1492694 0.0542363984375 0.1622662109375 0.055241353125 0.17934876093750002 0.061160926562499995 0.19054346093750002 0.08349987343750001 0.17745293281250002 0.094445871875 0.17630246249999998 0.10773730937499999 0.182425303125 0.112316775 0.18086972031249998 0.1117585234375 0.1680372625 0.0998077 0.14458534218750002 0.0979092140625 0.12652244375 0.084506096875 0.11933708125
0 0.11209481875 0.09602643125 0.09913802656250001 0.11565068125 0.102823325 0.150713953125 0.114774275 0.16664603281249998 0.1262786484375 0.1708081796875 0.1444850875 0.14848364687499999 0.16648888125 0.1397253890625 0.1698399140625 0.12648204999999998 0.16414381875 0.1098925578125 0.156883884375 0.100987259375 0.130077653125 0.08661653124999999 0.11209481875 0.09602643125
0 0.0808206734375 0.0917936484375 0.0826073578125 0.1163138640625 0.0974625109375 0.1222723515625 0.11053110625 0.096190784375 0.1297426265625 0.08342896093749999 0.1214774828125 0.07248079375000001 0.10907957500000001 0.0673382984375 0.097240046875 0.06750842343749999 0.0952296296875 0.06342268125 0.089198128125 0.0662051390625 0.0808206734375 0.0917936484375
0 0.14124699999999998 0.087591109375 0.15587867500000002 0.0989443890625 0.1706219 0.1188800328125 0.17397267656249998 0.12067637499999999 0.17978082812500001 0.11576886875 0.17698919062500001 0.07416610312500001 0.1591182859375 0.0695988453125 0.14850731718750002 0.0739368859375 0.1415821546875 0.0832588390625 0.14124699999999998 0.087591109375
0 0.20435316406249998 0.13144865 0.2003320765625 0.1383168484375 0.1917316515625 0.1392207890625 0.1831309734375 0.1551644109375 0.18301917031249998 0.1616217265625 0.187486453125 0.1890829828125 0.1956400484375 0.1914487875 0.20848491249999998 0.1858016953125 0.22255871562500001 0.1617629984375 0.23562693124999998 0.1582409515625 0.24612609531250002 0.160360228125 0.24836011875000003 0.151531334375 0.22903742968750002 0.133151271875 0.2207721578125 0.12972294374999999 0.20435316406249998 0.13144865
0 0.185253446875 0.137753153125 0.182572721875 0.142331953125 0.1884924234375 0.1460068125 0.2192084453125 0.129887296875 0.19452418124999998 0.1281846734375 0.185253446875 0.137753153125
0 0.191508428125 0.129575903125 0.184806996875 0.11846337968750001 0.1791106484375 0.11691356875 0.1738610015625 0.11961385 0.1724088359375 0.12836056875 0.1738606203125 0.1421733703125 0.18100888125 0.150016146875 0.191508428125 0.129575903125
0 0.1839141 0.07988383125000001 0.1806747421875 0.0941896953125 0.1815680203125 0.11020972343749999 0.1911734015625 0.1263883328125 0.21887341718750003 0.1266997265625 0.219432303125 0.1019329828125 0.2280329828125 0.08598936093750001 0.227921434375 0.077406996875 0.22412395156249998 0.0713605625 0.2149651484375 0.0669518859375 0.1909509390625 0.0716244046875 0.1839141 0.07988383125000001
0 0.220548934375 0.12007805625000001 0.2247931171875 0.130374584375 0.24679653125 0.1441758484375 0.258636440625 0.12144620312500001 0.275502390625 0.1089309109375 0.258413596875 0.08924179531250001 0.24367011875000003 0.08434583125 0.230378553125 0.08574283125 0.2196556546875 0.10405802812500001 0.220548934375 0.12007805625000001
0 0.23049035624999997 0.07928551406249999 0.230266878125 0.0846803078125 0.2589721015625 0.087034571875 0.2465744484375 0.0668523984375 0.2366336609375 0.0700457390625 0.23049035624999997 0.07928551406249999
0 0.30353718125 0.12746955468750001 0.293038140625 0.11783043906249999 0.2816454421875 0.11473081562500001 0.26757201875000003 0.11620999218750001 0.2602001546875 0.12128185 0.2529398375 0.134936071875 0.250929040625 0.1534098515625 0.2511522640625 0.1630547390625 0.2663420640625 0.1947603171875 0.273266971875 0.2004780453125 0.2942653046875 0.204716596875 0.2980629140625 0.20324319218750003 0.2989568265625 0.18166401875 0.30208438125 0.173815471875 0.3168282390625 0.156151915625 0.31381274062500003 0.1425034640625 0.30353718125 0.12746955468750001
0 0.3556974765625 0.16495772656250002 0.3522354015625 0.1395393421875 0.34218281250000004 0.1491899984375 0.3415125046875 0.1578545390625 0.3556974765625 0.16495772656250002
0 0.35491625312499997 0.1274407015625 0.3535757640625 0.137249940625 0.35815472187499997 0.16577372031249998 0.3857425546875 0.19510195156250001 0.3896518390625 0.19469106875 0.4064067484375 0.143514053125 0.40808264375 0.11433286093749999 0.3947913328125 0.10069018125 0.3859675546875 0.09946907499999999 0.36105968593750004 0.11068108593749999 0.35491625312499997 0.1274407015625
0 0.299740459375 0.0763040796875 0.29527241718749997 0.093961865625 0.2968357484375 0.11635703281250001 0.3205142984375 0.146096146875 0.33737999531249996 0.1486205328125 0.3517886984375 0.1352892484375 0.357038853125 0.1025096046875 0.352124740625 0.07831809687499999 0.3402854671875 0.0634485390625 0.33190851875 0.0589576875 0.3123620984375 0.061012098437499995 0.299740459375 0.0763040796875
0 0.2615410234375 0.08891308906249999 0.27840659375 0.0989573171875 0.2805286859375 0.10410558125 0.2893525890625 0.09780684687499999 0.30878796875000003 0.0570907109375 0.3089001515625 0.0280738734375 0.3051772046875 0.0177225609375 0.2573047625 0.022754157812500002 0.2473566875 0.044210701562499996 0.2456811703125 0.0508323703125 0.2502602546875 0.07183630937499999 0.2615410234375 0.08891308906249999
0 0.352236796875 0.056821098437499995 0.36273634375 0.036380854687500006 0.36351832812499996 0.028778837499999998 0.360437409375 0.0119144796875 0.30890850468750003 0.0173303859375 0.3195107390625 0.046295353125 0.3205158203125 0.055858064062500004 0.341514153125 0.060096615625 0.352236796875 0.056821098437499995
0 0.376474740625 0.031714107812499996 0.36977305625 0.0356412671875 0.35391218750000003 0.0577192703125 0.35257169843749997 0.067528509375 0.35569874375 0.08975932343750001 0.364298915625 0.1038950640625 0.38172324375 0.0966923875 0.4039502640625 0.097579015625 0.4162367484375 0.08661930625 0.4154553984375 0.056622121875 0.41109953906249996 0.045263071875 0.404844809375 0.0384006421875 0.391553371875 0.0322778015625 0.376474740625 0.031714107812499996
0 0 0.20274857812499997 0.005760640625 0.204960353125 0.008776390625 0.20356912343750003 0.008888193749999999 0.19711180625 0.0059842453125 0.19204571875 0.0055376703125000004 0.180275784375 0.008888575 0.1745522859375 0.0093354046875 0.1712825390625 0.011457625 0.1689109640625 0.011234273437500001 0.166785915625 0.008442 0.1627823515625 0 0.16322595625 0 0.20274857812499997
0 0.021397903125 0.1957969828125 0.021286228125 0.1947344609375 0.022626590625 0.192445059375 0.0224032390625 0.1903200125 0.02698283125 0.181244590625 0.0274296609375 0.17797484375 0.030668890625 0.1711888203125 0.030222187499999997 0.166938728125 0.026312903125 0.1673496109375 0.02206859375 0.16457292343750002 0.01357984375 0.1665393859375 0.0081067171875 0.1746344625 0.0063195249999999994 0.1801936078125 0.006654553125 0.18338117812500002 0.0059843734375 0.18452587812500001 0.006766103125000001 0.1919635421875 0.00877651875 0.196049284375 0.009223221875 0.2002993765625 0.0111219625 0.20332259375 0.014249389062500001 0.2029938875 0.017823646874999998 0.199395434375 0.019387359375 0.1992310828125 0.021397903125 0.1957969828125
0 0.03357309375 0.161215228125 0.0332380671875 0.1580276578125 0.034466753125 0.1546757359375 0.035807115625000004 0.1523863359375 0.0401632296875 0.1487057078125 0.0411685640625 0.14322873593750002 0.0431791078125 0.1397946375 0.042844079687499995 0.1366070671875 0.040386834375 0.135791071875 0.03859976875 0.1338303796875 0.0331267703125 0.1344056140625 0.0263135375 0.129750409375 0.0178247890625 0.1317168734375 0.0144738828125 0.13744037343749999 0.013468546875000001 0.14291734218750002 0.01156968125 0.147413965625 0.0119047078125 0.1506015359375 0.010787696874999999 0.1550159828125 0.01145775 0.1613911234375 0.0142500234375 0.1653946875 0.014920206250000002 0.1642499875 0.020393203125000002 0.1636747515625 0.024079135937500003 0.161138821875 0.030333990625 0.16048141093749999 0.0329029125 0.162359928125 0.03357309375 0.161215228125
0 0 0.16259538125 0.0010981484375 0.1624799609375 0.007660142187500001 0.16286452812500002 0.009558882812499999 0.16588774687500002 0.0102290640625 0.16474304687500002 0.009112434375 0.146597971875 0.0123516640625 0.1398119484375 0.011569934375 0.132374284375 0.009559518749999999 0.1282885453125 0.001294246875 0.124860215625 0 0.124996246875 0 0.16259538125
0 0 0.12392198593749999 0.0043099984374999996 0.1234689859375 0.0052035296875 0.12444933437500001 0.009112815625 0.1240384515625 0.010229825 0.11962400468750001 0.0097832484375 0.107854071875 0.0104534296875 0.106709371875 0.010676909375 0.101314578125 0.0124641015625 0.09575543125 0.010565359375 0.0927322140625 0.0055391921875 0.09003770312500001 0.0008480515625000001 0.0905307609375 0 0.08960031406249999 0 0.12392198593749999
0 0.030111146875 0.128277003125 0.037147857812500004 0.127537415625 0.04206235 0.129169403125 0.041280746875 0.1142119 0.042174406250000004 0.10767240625 0.0446317796875 0.1009685609375 0.044296753125 0.097780990625 0.041392803125 0.0927149015625 0.033015856249999996 0.08822405 0.021176329687500002 0.0883941734375 0.015256500000000001 0.0922391546875 0.0132459578125 0.0956732546875 0.012240621875 0.101150225 0.0109002609375 0.103439625 0.0112352875 0.1066271953125 0.010565106250000001 0.1077718953125 0.0122402421875 0.12370974531250001 0.0159260484375 0.12869365625 0.01916515 0.1294274734375 0.0212873703125 0.1270558984375 0.022851084375 0.1268915453125 0.023744615625 0.1278718921875 0.0292176140625 0.12729665625 0.030111146875 0.128277003125
0 0.062279460937499996 0.09589093125 0.0629496421875 0.09474623125000001 0.060380720312500004 0.0928677125 0.058035148437499996 0.0931142421875 0.057364967187500004 0.0942589421875 0.0520036453125 0.09589670156249999 0.046865675 0.0996595078125 0.04418495 0.10423830781250001 0.0419509296875 0.11306719999999999 0.04217428125 0.11519224531250001 0.0415040984375 0.11633694531250001 0.042509179687499996 0.12589965625 0.046418337500000004 0.1330086140625 0.051779787499999994 0.123851015625 0.05222661562499999 0.12058127031250002 0.054237159374999996 0.11714716875 0.05535417031249999 0.1127327234375 0.061944306250000004 0.1002232 0.062279460937499996 0.09589093125
0 0 0.088722246875 0.007102906250000001 0.08987334999999999 0.010453684375 0.091669690625 0.015144825 0.09117663125 0.021734834375 0.08618695 0.025755795312500003 0.086838590625 0.030111907812499998 0.0831579625 0.0306704125 0.0809507390625 0.030112034375000003 0.07563812187499999 0.030782215624999998 0.074493421875 0.027654915625 0.0673022875 0.0186079140625 0.05643629375 0.014363603124999999 0.053659606250000005 0.0069918640625 0.051211625000000004 0 0.05194649999999999 0 0.088722246875
0 0.13877762656249998 0.3752122390625 0.12749609687500002 0.40325449999999996 0.129506259375 0.422379921875 0.1415688859375 0.439374525 0.1679286671875 0.43445547968750003 0.170498096875 0.4062546359375 0.18222620312499999 0.3899823078125 0.1817795 0.385732215625 0.17049873124999998 0.36865543437500004 0.1622334609375 0.3652271046875 0.1505056078125 0.3664597515625 0.13877762656249998 0.3752122390625