0 0.10412662187499999 0.5822664140625 0.118641921875 0.5546516703125 0.12273055 0.5288370875 0.0977703546875 0.515679553125 0.052376734375 0.49813515312499995 0.041416762499999996 0.503302434375 0.0356302421875 0.5184933390625 0.0341283390625 0.5493197328125 0.038235190625 0.56607759375 0.051055434375 0.586516578125 0.060415507812500005 0.591450653125 0.0793778046875 0.5944539859375 0.095462228125 0.588947809375 0.10412662187499999 0.5822664140625
0 0.1837761265625 0.6236448703125 0.19727382499999999 0.61312688125 0.207182584375 0.598588875 0.2136311734375 0.5685459609375 0.21164213125 0.554424584375 0.2094109390625 0.5471680265625001 0.1959930140625 0.5358386078125 0.1844507453125 0.5340104921875 0.173539771875 0.5495402921875 0.14557293437500002 0.5393581375000001 0.13241538125000002 0.5637363421875 0.1310912453125 0.5934403625 0.15191381406249999 0.6220499609375 0.16722278906250002 0.6267757203125 0.1837761265625 0.6236448703125
0 0.2804786578125 0.632057875 0.286556328125 0.62036466875 0.2893515921875 0.59204418125 0.28259363125000003 0.5760169546875 0.256631221875 0.5638512140625 0.22835785 0.566276321875 0.22016237031250002 0.5753330437499999 0.2114825890625 0.5981194000000001 0.2136983953125 0.6214809203125 0.21833854375 0.6348716609375 0.234343196875 0.6512128921875 0.251187684375 0.651579740625 0.26562321093749997 0.645812403125 0.2804786578125 0.632057875
0 0.35553417187499997 0.6117307015625 0.3198561578125 0.5968756296875 0.2987606625 0.607340775 0.293249903125 0.6421343421875 0.2965323078125 0.6587616234375 0.31182589374999997 0.6795923453125 0.337383771875 0.683640315625 0.3527081328125 0.6722611140625 0.35961025 0.6606984890625001 0.3640544109375 0.632639159375 0.35553417187499997 0.6117307015625
0 0.41782411406250003 0.6986818718750001 0.42189735468749995 0.688972253125 0.42427270312500004 0.6686389562499999 0.41169461093750004 0.6413351546875 0.3858455828125 0.6337894859375 0.368467796875 0.6367897578124999 0.3558281578125 0.6739058046874999 0.35663721718749997 0.6901413484375001 0.367808565625 0.7103191718749999 0.37451752968749996 0.7159838828125 0.3910064828125 0.7185954765625 0.406444225 0.7118363453125001 0.41782411406250003 0.6986818718750001
0 0.4242783765625 0.7859937671874999 0.4423182296875 0.7681414859375 0.4502225609375 0.7555870671875 0.4528246734375 0.7444939140625 0.45072225 0.7257524671875 0.441733096875 0.7024686828125 0.432081875 0.6940369078125 0.42301295000000005 0.69260053125 0.4070909078125 0.7130892984375 0.3884687546875 0.7239461828125 0.3845732796875 0.732533428125 0.3846068921875 0.7590009078125 0.3946626421875 0.7755504546875 0.408436103125 0.7846351265625 0.4242783765625 0.7859937671874999
0 0.47098358281249997 0.848616515625 0.480132278125 0.828205484375 0.48255662499999996 0.8182347062499999 0.477803090625 0.8002238921875 0.4633983375 0.7737813046875 0.45568715937500004 0.7691083890625 0.44078271718749995 0.7725003984375001 0.426040653125 0.7908749984375001 0.4161655046875 0.8318804859375 0.4246857421875 0.8527889453125 0.43351251562500004 0.8610901390624999 0.44587923125 0.863048834375 0.46013699218750004 0.858403871875 0.47098358281249997 0.848616515625
0 0.367651859375 0.81269139375 0.371531946875 0.8202091109375 0.38165208281249996 0.8310162109375 0.3895410265625 0.8345667546875 0.40885885625 0.835325340625 0.414872140625 0.82937458125 0.41782978593750003 0.8160366828125 0.423971840625 0.79860103125 0.4255717375 0.7884996734375 0.4242783765625 0.7859937671874999 0.41073167968749996 0.7861492390625 0.3999004765625 0.77983163125 0.39125147031249996 0.7704080640625001 0.38378244375000004 0.758870328125 0.3804846515625 0.758348009375 0.3721604046875 0.7788896203125 0.36742509375 0.80345125 0.367651859375 0.81269139375
0 0.3866169921875 0.8743721328125 0.39149929375000003 0.8808980562500001 0.4019749640625 0.889460409375 0.4151661265625 0.891549684375 0.41957951250000003 0.8957002812500001 0.424590584375 0.8907413156249999 0.42754822812500004 0.8774034171875 0.4329148328125 0.8701997046875001 0.43498364531249994 0.862473671875 0.4310391734375 0.8606984000000001 0.4259791046875 0.8552948499999999 0.42098342187500004 0.8441488546875 0.4125121796875 0.8336029140625 0.40290995625 0.83553365625 0.390543240625 0.8335749609375 0.3850632546875 0.8361586015625001 0.3815079265625 0.858606065625 0.3866169921875 0.8743721328125
0 0.30884031093750003 0.783817575 0.3132536984375 0.787968171875 0.31383599375000004 0.7949635703125 0.3178938484375 0.8013589140624999 0.3249583453125 0.8047788765625 0.3432739609375 0.8065292562499999 0.347573965625 0.8060597828124999 0.3604249828125 0.7942888406249999 0.36921814531249997 0.77612255625 0.3723535578125 0.761662284375 0.372191178125 0.7466796953125 0.3685532421875 0.7322971609375 0.36219981093750003 0.7243877046875 0.3419441515625 0.718878465625 0.3301597328125 0.72391516875 0.324146446875 0.7298659296875 0.32042873906249997 0.7373308015625 0.3203643546875 0.7430732484375 0.3162267296875 0.7585253125 0.30725579999999997 0.7778139703125 0.30884031093750003 0.783817575
0 0.324250115625 0.8679457749999999 0.33661683125 0.8699044703125001 0.3480457171875 0.8671125140625 0.36189894843750003 0.8543497796875 0.3667966359375 0.8447707390625 0.3698676640625 0.8360529140624999 0.3718230953125 0.8237068093750001 0.36200949375 0.8002924453125001 0.3570628078125 0.7995089671875 0.3510495234375 0.805459728125 0.3420939796875 0.8086434234375 0.31736054999999996 0.8047260328125001 0.3076785546875 0.828504184375 0.30708086875 0.8376137484375 0.31054103906249997 0.85311865625 0.317363384375 0.8634034375 0.324250115625 0.8679457749999999
0 0.333144109375 0.9291819296874999 0.3502797453125 0.9330464765625001 0.359704203125 0.93223810625 0.37019525937500003 0.9246954984375 0.3760951609375 0.914124665625 0.3813637703125 0.8861959171875 0.38095924062500003 0.878078146875 0.3781457515625 0.863826190625 0.3719700875 0.8547943625000001 0.365552271875 0.85262735 0.3488701640625 0.8672430921875 0.3327857421875 0.8727492703124999 0.32948795 0.8722269515625 0.3264813078125 0.8752023328125 0.32203714687499996 0.9032616609374999 0.32614399843749997 0.920019521875 0.333144109375 0.9291819296874999
0 0.325255165625 0.9256313875 0.3219727625 0.9090041046874999 0.31532818281249997 0.89759695 0.311561478125 0.8946993046875 0.3074392390625 0.89404640625 0.2968837984375 0.9073314609375001 0.286748275 0.9126293234375 0.2680771265625 0.9131236890625001 0.2638751171875 0.9343181984375001 0.2638597296875 0.9504231609374999 0.268030965625 0.961438578125 0.2766799734375 0.9708621453124999 0.29523004531249997 0.9738001890625 0.30341783125 0.9727959500000001 0.309075584375 0.9690899359375 0.3213443046875 0.9503235953125 0.325255165625 0.9256313875
0 0.3108658 0.8830838359375001 0.314712275 0.8641340734374999 0.30231195 0.835707896875 0.294358621875 0.8378997984375 0.2849187765625 0.85481313125 0.26906111718750003 0.869559453125 0.2572766984375 0.87459615625 0.2545612046875 0.8810692343750001 0.25608133125 0.8928152859375 0.26355035781249997 0.90435301875 0.280799375 0.9128376390625 0.2942326890625 0.9080620953125 0.3108658 0.8830838359375001
0 0.2922408125 0.8352633140625001 0.300840821875 0.8343243640625 0.310927346875 0.8186639843749999 0.3145960578125 0.8008365953125001 0.3054291375 0.778675184375 0.28304028125 0.7866344234375 0.2937917109375 0.8147994390625 0.2922408125 0.8352633140625001
0 0.3069646515625 0.774316271875 0.315757815625 0.756149984375 0.320493125 0.73158835625 0.313315246875 0.723548321875 0.3133306328125 0.707443359375 0.304503859375 0.6991421625 0.2956127 0.6965834140625 0.27739508125 0.7155580703125 0.25683288437499996 0.7226560937500001 0.2540866171875 0.7613390984375 0.2618467921875 0.7763745328125 0.28274913281249997 0.7831367234375 0.29948023749999997 0.7788834984374999 0.3069646515625 0.774316271875
0 0.2549811234375 0.87308204375 0.265585559375 0.8701595062499999 0.28208990156249997 0.8566661375000001 0.2889920171875 0.8451035125 0.2928874921875 0.836516265625 0.2937917109375 0.8147994390625 0.2799202578125 0.7849897296874999 0.259664596875 0.7794804921875 0.246231284375 0.7842560359374999 0.23656467656250002 0.7919292234374999 0.2245871015625 0.8141932625000001 0.22174283906249997 0.8321512328124999 0.22638299062499997 0.8455419734375 0.232849803125 0.8580715015625 0.2460899640625 0.8705232953125 0.2549811234375 0.87308204375
0 0.2739195234375 0.7161581234375001 0.286237240625 0.7077543015625001 0.2951437875 0.6942080875000001 0.30034801093749997 0.6720217859375001 0.28890090156250003 0.6322413 0.280300890625 0.6331802484375 0.270100984375 0.6442205546875 0.25713658437500003 0.651371425 0.23216100312500002 0.6543188515625 0.228314525 0.673268615625 0.2310636296875 0.6932630171875 0.238177125 0.707045496875 0.2491217078125 0.717983178125 0.260486209375 0.7209336671875 0.2739195234375 0.7161581234375001
0 0.1880145828125 0.6875952468750001 0.203452325 0.680836115625 0.22373875937499998 0.654135428125 0.224983125 0.6462788171875 0.21398954374999998 0.6249786203125 0.2086537140625 0.5999724078125 0.18259614531249999 0.6257590359375 0.167045021875 0.6278980953125 0.1523827296875 0.6244252859375 0.15102498125 0.627661828125 0.1501851484375 0.6436362109375 0.15458314687500002 0.6638917703125 0.1597565984375 0.6739153921875001 0.1723500765625 0.6851142328125001 0.1880145828125 0.6875952468750001
0 0.23072632187500003 0.7380802046875 0.23681937656250002 0.7102820375000001 0.22876805312499998 0.6917489046874999 0.22613233125 0.6763745765625 0.219956665625 0.667342746875 0.1939634828125 0.68738693125 0.17299675781249998 0.6863671859375 0.169990115625 0.689342565625 0.16489927499999998 0.716148940625 0.1738240421875 0.7451751703125 0.1824730484375 0.7545987390625 0.19613312656249998 0.7590633390625 0.23072632187500003 0.7380802046875
0 0.20743608125000002 0.826433678125 0.22062724375 0.828522953125 0.2303736234375 0.7990023578125001 0.2475890296875 0.7810194953125 0.2480733328125 0.767289859375 0.2414931375 0.750140259375 0.2287218921875 0.7400637921875 0.2140442140625 0.7526959468750001 0.196779809375 0.7603162921875 0.18753311718750001 0.7600022890625 0.1816822125 0.7809356375000001 0.18396240156250002 0.7985547125 0.1930159390625 0.816096053125 0.20743608125000002 0.826433678125
0 0.09689003125 0.697323634375 0.0937056234375 0.7014213875 0.10135241718750002 0.71183675 0.1014657984375 0.716456821875 0.09946137031249999 0.7184404078125 0.10093250000000001 0.719823940625 0.110292571875 0.7247580171875 0.119361496875 0.72619439375 0.1324392765625 0.7236635953125 0.1407481390625 0.7192269484375 0.1477636390625 0.71228439375 0.15401907343750001 0.699468815625 0.15775216875 0.675898978125 0.14858525 0.6537375671875 0.1459495265625 0.6383632390625 0.1418272890625 0.637710340625 0.13363180937500002 0.6467670609375 0.11547857343750001 0.6599992718750001 0.10039636406250001 0.6645136546875 0.098278553125 0.6618771703124999 0.0939785484375 0.6623466437500001 0.1025141734375 0.6671501390625 0.0989588453125 0.689597603125 0.09689003125 0.697323634375
0 0.0776827484375 0.6425077140625 0.096338509375 0.6581183109375 0.10870522499999999 0.66007700625 0.12249407187500001 0.6530567171875 0.135167321875 0.64240815 0.14507608125 0.6278701421874999 0.1473226609375 0.6190217375 0.1346158 0.603202825 0.1297978828125 0.5909344578125 0.1301198046875 0.5622222296875 0.127177546875 0.559455165625 0.1189330703125 0.55814936875 0.10731103125000001 0.5781686609375 0.09345779843749999 0.5909313953125 0.0687733671875 0.5973765234374999 0.0675779984375 0.6155956515625001 0.070569253125 0.6287252328124999 0.0776827484375 0.6425077140625
0 0 0.6640433796874999 0.0004450390625 0.6659408484375 0.008560746875 0.6787315359375 0.0185675 0.6849185640625 0.024047485937499998 0.6823349234375 0.022980887499999998 0.6890691609374999 0.0261009125 0.690713853125 0.060081034374999995 0.6949452468749999 0.0630876765625 0.6919698671875001 0.06121201875 0.6824685640625 0.06817851875 0.66516349375 0.06559179375 0.66015168125 0.0679517546875 0.6559233484375 0.075371784375 0.657098565625 0.077973896875 0.6460054140625 0.0678047625 0.6248357953125 0.0667689375 0.599360109375 0.0623555515625 0.5952095125 0.044751 0.5889696390625 0.026193234375000003 0.5940840781250001 0.0139888984375 0.607107971875 0.002835775 0.629502590625 0 0.6443271203125 0 0.6640433796874999
0 0.0804529109375 0.7637519640625 0.095792659375 0.7362677984375 0.0989280703125 0.7218075265625 0.090101296875 0.7135063328125 0.086107828125 0.70136854375 0.0740966453125 0.6971651015625 0.028865403125 0.6946032921875 0.0184233453125 0.7125084187499999 0.0165812953125 0.72947459375 0.020041465624999998 0.7449795015625 0.0307439 0.7627820015625 0.04534180625 0.771997253125 0.061184079687500004 0.7733558953124999 0.0804529109375 0.7637519640625
0 0 0.8233930718750001 0.003475578125 0.822892721875 0.0169732765625 0.8123747328125001 0.028239782812500003 0.7946001859375 0.0325061765625 0.7676632328124999 0.021448209375 0.7521054796875 0.012992357812499999 0.7254545765625 0.0084012046875 0.7224263515625 0 0.723146953125 0 0.8233930718750001
0 0 0.8841691453125 0.0027673484375 0.8860596203125001 0.0303940390625 0.8823815578125 0.04507171875 0.8697494015625 0.049791640625 0.8612927359375 0.05350934843750001 0.8538278640625 0.0554801671875 0.8253767968749999 0.050193334374999996 0.8107331015625 0.0392487515625 0.7997954234375 0.0277064828125 0.7979673078125 0.0031200453125 0.8251374671875 0 0.8256004593749999 0 0.8841691453125
0 0.173468509375 0.747419915625 0.16371929375 0.7182631078124999 0.15241917656249998 0.709570171875 0.13408817343749999 0.7239247546875001 0.1074636953125 0.726611025 0.0993662109375 0.756392778125 0.105995403125 0.783904896875 0.119591096875 0.7941119421875 0.131780046875 0.7971930125 0.1491578328125 0.7941927390625 0.170866396875 0.7585130671875 0.173468509375 0.747419915625
0 0.1873428 0.8359070296875 0.19012267968750002 0.8236915046875 0.1877781046875 0.8118148749999999 0.1768979046875 0.79513475 0.1585179046875 0.7991268140625001 0.127302275 0.798784859375 0.11886464375000001 0.8147063984375 0.1194315546875 0.837806759375 0.128307325 0.856470471875 0.139429675 0.8662857781250001 0.1642274921875 0.8644607234375 0.1790829359375 0.8507061953124999 0.1873428 0.8359070296875
0 0.2460899640625 0.8705232953125 0.2356142953125 0.8619609390624999 0.22091839218749998 0.832020653125 0.19524713124999998 0.8233526093749999 0.19135165625 0.83193985625 0.18933184218750002 0.8500284046875001 0.1937298421875 0.8702839656249999 0.20037442031250002 0.8816911203125001 0.21797897187499998 0.8879309921875 0.2355345234375 0.883808346875 0.2453788984375 0.8750127875 0.2460899640625 0.8705232953125
0 0.1953479640625 0.90275505 0.1991944390625 0.8838052875000001 0.186502965625 0.8518814125 0.18155627968750002 0.851097934375 0.15692084374999998 0.867905578125 0.13824969375 0.8683999437500001 0.1309920453125 0.8822073171874999 0.1289722296875 0.900295865625 0.1311390375 0.9132948687500001 0.1431992171875 0.9278608281249999 0.1606903859375 0.9294806281250001 0.17942591875 0.9232438171874999 0.1953479640625 0.90275505
0 0.10411002968750001 0.907863365625 0.11678327968749999 0.897214796875 0.127225340625 0.879309671875 0.13036075 0.8648494015624999 0.1177826578125 0.8375456 0.11673144687499999 0.828174875 0.102602453125 0.8213349484375 0.08923352500000001 0.8203680468749999 0.0732624828125 0.830494296875 0.06353149062499999 0.8439099296875 0.05892495 0.85698666875 0.057082900000000006 0.8739528453125001 0.06136751875 0.88958833125 0.0798455140625 0.9063213015624999 0.10411002968750001 0.907863365625
0 0.224406075 0.0789768453125 0.23932590468749998 0.059479871875 0.23974582187500001 0.051492681250000005 0.1803855875 0.04209094375 0.17437230312500002 0.048041703125 0.1651256109375 0.0477277 0.1638966328125 0.03947935 0.1552966234375 0.0404182984375 0.1576411984375 0.052294928124999994 0.16769695 0.0688444734375 0.1844126671875 0.0806962125 0.196601615625 0.0837772796875 0.21262165624999999 0.0840135484375 0.224406075 0.0789768453125
0 0.112547234375 0.21428044218750003 0.1230872890625 0.2171003515625 0.134693940625 0.213186021875 0.163693765625 0.1901664578125 0.17424920625 0.1768814046875 0.1766889390625 0.1508056640625 0.1679419359375 0.120657059375 0.1538283328125 0.0977121703125 0.134348121875 0.08197099531249999 0.12710585937500002 0.07967340625 0.1154992078125 0.083587734375 0.0871460625 0.10786024999999999 0.07924173125 0.1204146703125 0.0766886171875 0.14187034062499998 0.0848379359375 0.1811285078125 0.09895154218749999 0.204073396875 0.112547234375 0.21428044218750003
0 0.21396968749999998 0.21423678124999998 0.2263364046875 0.2161954765625 0.24972747499999998 0.20724444531250003 0.2612851296875 0.1929675984375 0.267427184375 0.175531946875 0.27004468125000003 0.1483338328125 0.2579508921875 0.10730039375 0.24230177187500002 0.0887144171875 0.226523884375 0.08161333125 0.2046683265625 0.08620544999999999 0.1939995046875 0.0948704328125 0.181844165625 0.11825684375 0.17728662343749998 0.1416961 0.1797935765625 0.16855531875000002 0.19448947968750002 0.19849560625 0.21396968749999998 0.21423678124999998
0 0.1664023828125 0.37583055781249997 0.18295572031250001 0.37269970625000004 0.1994600609375 0.3592063375 0.2075421578125 0.3455295453125 0.21156640312500002 0.325457409375 0.2089950640625 0.30434063437500003 0.19918146406249998 0.2809262703125 0.18135015000000002 0.2654462546875 0.1567944859375 0.260406490625 0.1391745484375 0.27027157968750004 0.123899184375 0.2920133 0.1181616625 0.317566721875 0.12044185156250001 0.335185796875 0.1340221578125 0.36149780625 0.14532227343749998 0.3701907390625 0.1664023828125 0.37583055781249997
0 0.2258241640625 0.32081244375 0.23865979375 0.325146465625 0.25291755625 0.3205015015625 0.27024634375 0.3071387125 0.281804 0.292861865625 0.286006009375 0.27166735625 0.2857302484375 0.2520646953125 0.2643253828125 0.21645969687500002 0.2582631 0.212047940625 0.24389195625 0.21207283281249997 0.2265631671875 0.225435621875 0.206534271875 0.22916652656249997 0.20199211562500002 0.2365008203125 0.198614553125 0.257825909375 0.20007029687500003 0.2753144046875 0.21146840781249998 0.3047323734375 0.2258241640625 0.32081244375
0 0.254863271875 0.441615171875 0.27183652812500003 0.430497128125 0.28657859218750004 0.412122528125 0.290780603125 0.39092801875 0.29014930781250003 0.373570103125 0.28604245625 0.3568122421875 0.2729310640625 0.332875559375 0.260628734375 0.3251744171875 0.24873093281249997 0.32559104843750003 0.21277999374999998 0.349810721875 0.2075757703125 0.37199702343749996 0.21119831875 0.40248452187500006 0.2190718765625 0.422140028125 0.23407431406249998 0.43947305156249994 0.254863271875 0.441615171875
0 0.3368727375 0.47876529375 0.3478327078125 0.4735980125 0.363996903125 0.44624442656249996 0.3681499171875 0.4146873984375 0.35844969843749996 0.39589310625 0.34532291875 0.38806138749999997 0.33266505625 0.38260499375 0.3121672453125 0.383960571875 0.300140675 0.39586209375000003 0.29170304375 0.41178363281249997 0.28779218281249996 0.436475840625 0.2896034578125 0.45171959062499994 0.2970724859375 0.463257325 0.325152703125 0.4780595515625 0.3368727375 0.47876529375
0 0.3116983296875 0.381585246875 0.32406504687500004 0.3835439421875 0.336851678125 0.3775154453125 0.3512382078125 0.361385590625 0.3610335859375 0.3422275125 0.365768896875 0.317665884375 0.3623087265625 0.3021609765625 0.3339527453125 0.2677560875 0.315281596875 0.268250453125 0.3050173046875 0.2850332078125 0.2957706140625 0.284719203125 0.28839958125 0.293906503125 0.28025310000000003 0.31332574062499996 0.27841105 0.3302919171875 0.2805778578125 0.34329092031249997 0.297633721875 0.3690028734375 0.3116983296875 0.381585246875
0 0.289383571875 0.2503422671875 0.3065682046875 0.26456933125000004 0.328359378125 0.26571965625 0.34497710000000004 0.2568463609375 0.354239178125 0.2410554015625 0.3566789125 0.21497965937500002 0.3420166203125 0.2115068515625 0.32447645468749997 0.1995245359375 0.31419393906250004 0.17373484374999998 0.305076015625 0.16193595 0.29712268750000004 0.164127853125 0.28992942187500004 0.1721927796875 0.2808941078125 0.197223884375 0.2773387796875 0.21967134531250002 0.2804434171875 0.23742100000000002 0.288623509375 0.24446924218750002 0.289383571875 0.2503422671875
0 0.3461388578125 0.21215975 0.36846333124999997 0.2099429578125 0.389800975 0.19261299375000002 0.399596353125 0.17345491562499998 0.4050581140625 0.1282988328125 0.4028913078125 0.11529982968750001 0.3935466203125 0.09426079062500001 0.38213312187500004 0.080947784375 0.3665330015625 0.072724325 0.3439173796875 0.07144342031249999 0.32830187187500004 0.0793249234375 0.316259915625 0.10733140625 0.30910025937499996 0.14186381406249998 0.30837380625 0.16245826875 0.3233608578125 0.1958962546875 0.3461388578125 0.21215975
0 0.26229989531250003 0.1171934359375 0.2716445796875 0.1382324734375 0.279469140625 0.1475254625 0.3067892953125 0.1564546640625 0.30580246875 0.1413414953125 0.3173908984375 0.0948547234375 0.32783295625000003 0.076949596875 0.3400862890625 0.0742882203125 0.34079735625 0.069798728125 0.33513960468750004 0.0735047421875 0.33355509375 0.0675011375 0.32631282968750003 0.06520354843750001 0.271721515625 0.0577076609375 0.2654660796875 0.07052324062500001 0.26066638593749997 0.1008273140625 0.26229989531250003 0.1171934359375
0 0.43008269375 0.135713921875 0.45287608125 0.1358724546875 0.46018272812500005 0.13242759843750002 0.474035959375 0.1196648625 0.48583576562499997 0.0985231984375 0.48625568281250003 0.0905360078125 0.3919131125 0.07789466874999999 0.4037801390625 0.1096879640625 0.43008269375 0.135713921875
0 0.42666180625 0.264031303125 0.4423263140625 0.2665123171875 0.461061846875 0.26027550625 0.47580391093749996 0.24190090625 0.482414878125 0.22684058125 0.48661688906249995 0.20564607031249998 0.4862277453125 0.1814233375 0.47170960937500006 0.15036067656250002 0.4589383640625 0.14028421093750001 0.42725381718750005 0.137566928125 0.407096153125 0.152782725 0.394812046875 0.18765402656250002 0.3935032953125 0.201253084375 0.3962524 0.221247484375 0.4028325953125 0.23839708437499998 0.416008371875 0.2565913234375 0.42666180625 0.264031303125
0 0.395427953125 0.22111690468749998 0.3920965515625 0.1941271046875 0.374589996875 0.20861226875 0.38288347031250003 0.2202805828125 0.395427953125 0.22111690468749998
0 0.47913531093749995 0.2688907046875 0.48209295625 0.25555280625 0.485398146875 0.2158434640625 0.46825511249999996 0.2522105796875 0.4504574078125 0.2631980421875 0.4561641578125 0.26985454531249997 0.47913531093749995 0.2688907046875
0 0.5008495500000001 0.35056584218750003 0.5088182640625 0.332268978125 0.5107736953125 0.319922875 0.4894668234375 0.3050429125 0.4796042265625 0.2712660296875 0.457279753125 0.2734828234375 0.4408887953125 0.291596265625 0.4329200796875 0.30989313125 0.43107802968750003 0.32685930625 0.43377813749999994 0.33649118906250003 0.4583030265625 0.373740878125 0.4716719578125 0.37470778125000004 0.48628525156249996 0.36781807187500004 0.5008495500000001 0.35056584218750003
0 0.49782468281250003 0.31096878125 0.515429234375 0.317208653125 0.541940328125 0.3099023140625 0.5559713265624999 0.2960172046875 0.5655889375 0.2779815 0.5720375265625 0.247938584375 0.5708085484375001 0.2396902328125 0.5625304609375 0.21191695781250003 0.5498236000000001 0.1960980453125 0.5378124171875001 0.191894603125 0.5187857359375 0.194633715625 0.5026369265625 0.20588233906250003 0.48807262968750004 0.22313456562499998 0.48322393906250005 0.243076121875 0.48178642031249996 0.2681600703125 0.48759116562499993 0.2955416078125 0.49782468281250003 0.31096878125
0 0.5084234484375 0.190691434375 0.5292124078125 0.192833553125 0.54347016875 0.18818859062499999 0.55953920625 0.19878737500000002 0.5661011765625 0.1733645328125 0.57972764375 0.151361653125 0.5893942531249999 0.14368846562499998 0.5917052171875 0.1290976140625 0.58882734375 0.12058810312499998 0.5687004531250001 0.1035939765625 0.4936757125 0.091711225 0.489020175 0.0944254453125 0.47550708906250005 0.1210483953125 0.476251765625 0.14302638437499998 0.4866476640625 0.173436146875 0.5084234484375 0.190691434375
0 0.593991078125 0.2640715 0.6071822421874999 0.266160775 0.6204377890624999 0.2625076046875 0.6332888062500001 0.2507366625 0.6504552171875 0.222391284375 0.6547706078125 0.20581684843749998 0.651083675 0.18107179375 0.6327344484374999 0.152853934375 0.6170209437499999 0.140010403125 0.6044764640625 0.1391740796875 0.586856525 0.1490391703125 0.576834384375 0.15895710624999998 0.56550349375 0.182474096875 0.5618347828125 0.2003014859375 0.5708729328125 0.2339477890625 0.582222046875 0.253003240625 0.593991078125 0.2640715
0 0.67910518125 0.318971278125 0.696142821875 0.3021107890625 0.7009117421875 0.304016640625 0.7076360921875 0.29357638750000004 0.7139713000000001 0.2589134 0.711044428125 0.24004137343749998 0.670143965625 0.2048001609375 0.6558862046875 0.2094451265625 0.6426642671875 0.23956577656250003 0.622733365625 0.2640217171875 0.62372019375 0.2791348859375 0.6303003890625 0.2962844859375 0.646951721875 0.3138786703125 0.6600785 0.3217103890625 0.6726229828125 0.3225467125 0.67910518125 0.318971278125
0 0.6289608640625 0.34209346875 0.632062665625 0.3011657171875 0.6152489531249999 0.2685889453125 0.5909844359374999 0.26704688125 0.5763711421875 0.27393658906249996 0.5648778703125 0.2824709921875 0.5482447625 0.30744925156249997 0.548682903125 0.342034503125 0.5660299140625 0.37124415625 0.5808699734375 0.373594590625 0.6000744203124999 0.36973310625 0.6186965734375 0.358876221875 0.6289608640625 0.34209346875
0 0.5541013390625 0.4038707125 0.5630722687499999 0.3845820546875 0.570265534375 0.37651712656249997 0.5599676312499999 0.3668324 0.54962073125 0.3467851546875 0.544640434375 0.3195341953125 0.5112916078125 0.3326607171875 0.5013184640625 0.3529411703125 0.49912088125 0.3721520921875 0.5089834796875 0.40592897499999997 0.5161613593750001 0.413969009375 0.5289969890624999 0.4183030296875 0.5541013390625 0.4038707125
0 0.69411045625 0.39498170625 0.7031947671875 0.3803131203125 0.70810784375 0.35462911875 0.7068298671875 0.3360182515625 0.6937184765625 0.3120815671875 0.6679674437500001 0.3252609328125 0.643298396875 0.315601096875 0.6354584515624999 0.322413071875 0.6241765578125 0.35629258125 0.6239834046875 0.3735199171875 0.6427371609375 0.409855546875 0.6598727953125 0.41372009375 0.6766039015625 0.40946686874999993 0.69411045625 0.39498170625
0 0.589797578125 0.46129822656249997 0.6150796953125 0.44574353437500003 0.6368372578125 0.42042637968749996 0.6402638171875 0.40946380781249997 0.6203944640625 0.36949989687499996 0.6151566296875 0.3652187203125 0.5770388828125 0.376439390625 0.562361203125 0.389071546875 0.556283534375 0.400764753125 0.5551525515625 0.4132414375 0.56061715 0.42676275781250006 0.5598417 0.4369946953125 0.564190703125 0.4468877375 0.57807754375 0.4605924828125 0.589797578125 0.46129822656249997
0 0.604802853125 0.5373086546875 0.6223094078125 0.5228234921875 0.6297448234374999 0.507893746875 0.632895621875 0.4773285125 0.6299043671875 0.46419893125 0.6198486140624999 0.44764938593750003 0.612073053125 0.44871891406250003 0.5912687062499999 0.46268175781250004 0.5727753250000001 0.4620537515625 0.568168784375 0.4751304890625 0.5647268375000001 0.5021980234375001 0.569949284375 0.5225841640625 0.5784205265625 0.5331301046875 0.5894294953125 0.5383253390625 0.604802853125 0.5373086546875
0 0.46351292343750006 0.4689093875 0.47659070625 0.4663785890625 0.4936283453125 0.44951810156249994 0.503714871875 0.43385772187500005 0.5068502828125 0.41939745000000006 0.5053945421875 0.4019089546875 0.4964053875 0.378625171875 0.48840306250000004 0.37045455625 0.4594186234375 0.37736915781249997 0.4542297859375 0.3834504984375 0.439972025 0.38809546093749997 0.4317121609375 0.40289462656249997 0.43116347343749994 0.422366709375 0.43603038906249997 0.44499759531249994 0.45297287031250005 0.4660894765625 0.46351292343750006 0.4689093875
0 0.562737796875 0.4880766484375 0.5675221031250001 0.47387753750000006 0.57083528125 0.45829489375000004 0.5590172515625 0.436864115625 0.5525658265625 0.408229625 0.533119228125 0.41895592812500004 0.5197502984375 0.4179890265625 0.5068992796875 0.42975996875 0.5040550171875 0.4477179390625 0.5052686093750001 0.4720712515625 0.5175555515625 0.49587735625 0.5303911828125 0.5002113765625 0.551244525 0.49661105 0.562737796875 0.4880766484375
0 0.42901772656250003 0.5106175546875 0.43727759062500005 0.49581838906250003 0.4396039421875 0.4651225765625 0.43596600468749996 0.45074004062500006 0.421496865625 0.43003989843749996 0.3984123296875 0.4263836671875 0.36794137656250003 0.448019696875 0.363512603125 0.4599740625 0.3611862515625 0.49066987656250005 0.3695287234375 0.5127007078125 0.38047330625 0.5236383874999999 0.3974311765625 0.5286253078125001 0.41068672343749996 0.5249721375 0.42901772656250003 0.5106175546875
0 0.504980296875 0.527250959375 0.509844375 0.4912044375 0.5024397328125 0.47392425937500005 0.494906321875 0.46812896875 0.45821070468749997 0.4703706546875 0.44718635000000007 0.48128038125000006 0.438570953125 0.49832429375 0.4400113078125 0.5319177515625 0.44583143906249995 0.543194328125 0.455660428125 0.550503728125 0.48074939062500005 0.5521763734375 0.4979004140625 0.53993595625 0.504980296875 0.527250959375
0 0.49948492499999997 0.5459395625 0.504060690625 0.56507275 0.5181252984375 0.5776551203125 0.5410320671875 0.582433725 0.549987609375 0.5792500296875 0.562725246875 0.562859015625 0.568156234375 0.5499128578125 0.5711782640624999 0.5308325140625 0.5629001765625 0.5030592390625 0.54906233125 0.49971701093750004 0.5419334499999999 0.5020394921875 0.5415135328125 0.5100266828125 0.5352091 0.5124797437499999 0.5271423890625 0.510051575 0.5282089875 0.5033173359374999 0.517668934375 0.500497428125 0.5113001171875 0.5086929328124999 0.49948492499999997 0.5459395625
0 0.379073440625 0.32437523125 0.3991513328125 0.3310068421875 0.413409096875 0.32636187968749997 0.4264378796875 0.3134685640625 0.434228828125 0.2962940734375 0.43849522343749997 0.2693571171875 0.417948415625 0.26035018125 0.404594871875 0.24327831562500002 0.396721315625 0.22362281093749997 0.3884768390625 0.2223170140625 0.378341315625 0.22761487656249998 0.3681414078125 0.2386551828125 0.360705990625 0.253584928125 0.3581528765625 0.2750405984375 0.3615486625 0.2962879515625 0.367482175 0.3121845984375 0.379073440625 0.32437523125
0 0.8510592171875 0.348507178125 0.8550834609375 0.3284350421875 0.8524477390625 0.3130607140625 0.8446875625000001 0.2980252796875 0.8284407593750001 0.2885488671875 0.8239629890625 0.290140715625 0.8182408515624999 0.29958917343749997 0.7934612609375 0.343986671875 0.7923946625 0.3507209109375 0.79574145 0.36160574687499997 0.80222365 0.3580303125 0.8440437171875 0.35544973125 0.8510592171875 0.348507178125
0 0.838698175 0.46390329374999995 0.8557358140625 0.44704280625 0.8648845109375 0.4266317734375 0.8694420546874999 0.40319251874999995 0.8652218218750001 0.3818145859375 0.854988303125 0.3663874125 0.8387414984375001 0.3569110015625 0.8083993140624999 0.367062140625 0.7800951671874999 0.4016971765625 0.7711732359375 0.4313483515625 0.7726933609375 0.4430944015625 0.7843336234375 0.4656475515625 0.7964581875000001 0.47447106562499997 0.8131249078125 0.47596028593749995 0.838698175 0.46390329374999995
0 0.7491399109375 0.43706284375 0.7582088359375 0.4384992203125 0.7711242375 0.420985834375 0.7813395328125 0.3938405640625 0.7793504921875 0.3797191890625 0.77540601875 0.377943915625 0.7459065046875 0.43079808125 0.7491399109375 0.43706284375
0 0.7669432875 0.5434301921875 0.7836407828125 0.5127094875 0.7869693468750001 0.4810218796875 0.77539346875 0.4527262859375 0.76656669375 0.4444250890625 0.7446621390625 0.43865469218750003 0.737646640625 0.44559724687499996 0.7096826390625 0.494092496875 0.6986428984375 0.5211071859375 0.7052230921875 0.5382567875000001 0.7149876953125001 0.551308634375 0.72976336875 0.5594015140625 0.74230785 0.5602378359375 0.7669432875 0.5434301921875
0 0.6968162343750001 0.5219684 0.6876185421875001 0.5320169140625 0.6629523328125 0.581034484375 0.67265255 0.5998287765625 0.6883170578125 0.602309790625 0.7031081171875 0.59429770625 0.7148435390625 0.5788984859374999 0.72381446875 0.5596098281249999 0.7105743078125 0.5471580375 0.6968162343750001 0.5219684
0 0.650717221875 0.6262683046874999 0.6609171296875 0.6152279968750001 0.6655236703125 0.6021512578125 0.6617723515625 0.5831486499999999 0.653576871875 0.592205371875 0.6252573390625 0.64294536875 0.627779678125 0.653699625 0.642555353125 0.6617925046875001 0.647857571875 0.6603312375 0.64575515 0.6415897890625 0.650717221875 0.6262683046874999
0 0.6840381125 0.7040291140625 0.6919914406250001 0.7018372109375 0.7158668125000001 0.6791565421875 0.72094226875 0.6684551296875 0.7239796843749999 0.633269825 0.7203907453125 0.62924980625 0.7200506 0.615389590625 0.704223715625 0.5979259859375 0.6916148484375 0.602832109375 0.673768146875 0.6034570546875 0.6471128953124999 0.6383532484375001 0.6461596796875 0.649707559375 0.6522555718749999 0.680586796875 0.666078028125 0.7000339875 0.6840381125 0.7040291140625
0 0.8622180140625 0.4434673703125 0.8755869437499999 0.44443427187499995 0.8976202671875001 0.43871977968750003 0.9131223937499999 0.4262182046875 0.9235644531249999 0.4083130796875 0.928008615625 0.38025375 0.9134904796875001 0.349191090625 0.8974214421875001 0.3385923046875 0.8844080453125001 0.33538065625 0.865203596875 0.3392421421875 0.851350365625 0.3520048765625 0.8507526828125 0.3611144421875 0.8615194984375 0.3731744953125 0.8703308859375 0.397580653125 0.86913551875 0.41579978281249996 0.86110241875 0.43983909218750006 0.8622180140625 0.4434673703125
0 0.8454099734374999 0.5282454078125001 0.8480764703125001 0.5114098109375 0.8465563453125 0.4996637625 0.8396206171875 0.4847589078125 0.8274960515625001 0.47593539375000005 0.7919804171875 0.4760629140625 0.78275195 0.5183213515625 0.768947715625 0.5414466046874999 0.77200335625 0.5488337421875 0.7847746015625 0.558910209375 0.8128058234375001 0.56334991875 0.8346123828125 0.54839528125 0.8454099734374999 0.5282454078125001
0 0.7607089125 0.65749561875 0.7734955453125 0.651467121875 0.793006528125 0.6349983734375 0.799084196875 0.6233051671875 0.801153009375 0.6155791359375 0.7974506890625 0.6069390453125 0.794716971875 0.5708396812500001 0.7900124359375 0.5631913859375001 0.769352246875 0.549564375 0.7417745515624999 0.5636049546875 0.7280837 0.5913502796875 0.72405945625 0.611422415625 0.7263396453125 0.6290414906249999 0.7337442890625 0.6463216703125 0.7465155343750001 0.6563981375 0.7607089125 0.65749561875
0 0.7021115765625 0.7126443109375 0.720604959375 0.71327231875 0.7395336453125 0.689808171875 0.7445111046874999 0.658381725 0.7265510234375 0.6543865984374999 0.7133290859375 0.6845072484375 0.693284803125 0.7043431171875 0.7021115765625 0.7126443109375
0 0.790260259375 0.6736813781250001 0.7833889171874999 0.6530340781249999 0.7789755296875 0.6488834812500001 0.7605311453125 0.6586179921875 0.7469844484375 0.6587734640625 0.7415380734375 0.6878245859375001 0.72425828125 0.711549890625 0.7386784234375 0.721887515625 0.7596451484375 0.7229072624999999 0.7752606578125001 0.715025759375 0.784813884375 0.7027325 0.790260259375 0.6736813781250001
0 0.8934336453125 0.44380932656249994 0.8876625109375 0.44289526874999996 0.8595669046875001 0.4441980046875 0.8311493765625 0.47421296718750006 0.84762294375 0.4929295234375 0.8672473078125 0.48108084531250006 0.892756190625 0.47476630000000003 0.896118365625 0.4695461734375 0.895842603125 0.44994351093749996 0.8934336453125 0.44380932656249994
0 0.9386187250000001 0.49468602656250005 0.9612497328125 0.47986196875 0.9828939140624999 0.4499247421875 0.9876292234375 0.42536311250000003 0.9832312234374999 0.405107553125 0.9732888531249999 0.393178078125 0.9578021140624999 0.389574690625 0.9261021812499999 0.402962371875 0.9224978546875 0.41504731718750004 0.89991584375 0.4402338921875 0.8964249015625001 0.456938909375 0.8985917078125001 0.4699379125 0.909956209375 0.4728884015625 0.9320231437500001 0.49364138906250005 0.9386187250000001 0.49468602656250005
0 0.8815905140625 0.571943284375 0.9032039218750001 0.574215984375 0.9231838203124999 0.5601225624999999 0.932979196875 0.5409644828125 0.9364701406249999 0.5242594656249999 0.93590323125 0.5011591046875 0.925491946875 0.48685430468749996 0.9102473578125 0.47638610000000003 0.896231746875 0.47416624531249996 0.8670695421874999 0.48220321874999994 0.8500962875000001 0.4933212625 0.8486741546875001 0.5023002484375 0.8513742609375001 0.5119321296875 0.8414501156249999 0.5425751 0.873054890625 0.5671397890625001 0.8815905140625 0.571943284375
0 0.8702260125000001 0.568992796875 0.8682859687500001 0.5652339375000001 0.8410945828124999 0.5448198453125 0.8197569375 0.5621498078125 0.7954280375 0.5663501890625 0.7984529015625 0.6059472515625 0.8086864203124999 0.6213744250000001 0.8301220609375 0.624769496875 0.840904265625 0.6207245875 0.857295225 0.6026111453125 0.86780166875 0.5789635750000001 0.8702260125000001 0.568992796875
0 0.8190487078125 0.62531670625 0.8029152875 0.6204603671875 0.7842777484375001 0.6474222140625 0.7925558359375 0.6751954890625 0.8042114859374999 0.6816436765625 0.8209425906250001 0.677390453125 0.8445912 0.6454696390625 0.846191096875 0.63536828125 0.8393687515625 0.6250835 0.8190487078125 0.62531670625
0 1 0.4236503546875 0.9908136328125 0.421265359375 0.9823606140625 0.45329186093749996 0.9525209546875001 0.49228580781250003 0.9659878781250001 0.51397774375 0.9823634515625 0.511969265625 1 0.500200721875 1 0.4236503546875
0 0.95351061875 0.5660763828125 0.9659571031249999 0.5461876703125 0.96891475 0.5328497718749999 0.9675723890624999 0.51998135 0.9515187390625 0.49327760156249995 0.9445676265625 0.4944777109375 0.937907659375 0.49917551875 0.9380056546875 0.519900553125 0.9320903640625 0.5465763484374999 0.9240082671875 0.560253140625 0.9076816921875 0.5726241359375 0.9191595765624999 0.5801946984375 0.9381862562500001 0.577455584375 0.95351061875 0.5660763828125
0 0.8716971421874999 0.5703763296875 0.8571174578124999 0.6037335203125 0.8407264984375 0.6218469609375 0.852544528125 0.6432777375 0.8785713218750001 0.649701034375 0.8943645968749999 0.64069715625 0.916655459375 0.6120128828125 0.9198552546875 0.5918101671875 0.9150373359374999 0.5795418 0.8716971421874999 0.5703763296875
0 0.8862824984375001 0.65437395 0.8592534921875 0.648942446875 0.8492467375 0.64275541875 0.8264225765625 0.6748068125 0.830578425 0.701927190625 0.8497031015625 0.7199131125 0.8756808968750001 0.7159738921875001 0.8865274859375001 0.7061865375 0.891425175 0.6966074984375 0.8946249703125 0.67640478125 0.8862824984375001 0.65437395
0 0.87432315 0.71921043125 0.8487008875000001 0.72090490625 0.8342807453125 0.71056728125 0.81203888125 0.7496140718750001 0.819087990625 0.769138996875 0.82809253125 0.7763178203125001 0.837985903125 0.7778847765625 0.8517747515625 0.7708644859375 0.873887846875 0.7433025843750001 0.876845490625 0.7299646890625 0.87432315 0.71921043125
0 1 0.501940525 0.9883123515625 0.5117609515625 0.96957681875 0.5179977625000001 0.96642601875 0.5485629953125 0.9549817468749999 0.567459915625 0.9622086234375 0.58586246875 0.9760954640625 0.5995672125 0.9901110750000001 0.6017870671875001 1 0.5393508515625001 1 0.501940525
0 0.9823524296875 0.6507732234375 0.989933309375 0.602909440625 0.969322115625 0.5996449484374999 0.968546665625 0.6098768875 0.9765826015625001 0.6445149828125001 0.9823524296875 0.6507732234375
0 0.9627139843749999 0.6733826796875 0.9738671078125 0.6509880609375001 0.9730090515625 0.6243900015625 0.9631954484374999 0.6009756359375 0.94701303125 0.5857567796875001 0.9351796140624999 0.5804309640625 0.9199196390625 0.586067721875 0.92097085 0.5954384453125 0.9147644125 0.6186165421875 0.902851225 0.6351381359375 0.889175759375 0.6467784984375 0.8999271890625 0.6749435140625 0.9376740187499999 0.6820725515625 0.9627139843749999 0.6733826796875
0 0.9443829812500001 0.6877372625 0.9389519921874999 0.7006834203125 0.93764324375 0.714282478125 0.945339034375 0.73506035625 0.9612303046875 0.7467815156250001 0.967156984375 0.7467134953125 0.9791363359374999 0.671078840625 0.9690184171875 0.6709296171875 0.962294065625 0.6813698703125 0.9530473765625 0.6810558671875 0.9443829812500001 0.6877372625
0 0.9371407187499999 0.685439671875 0.8979227625 0.6769271 0.8907141093750001 0.701096990625 0.87679649375 0.7196021703125 0.8783166203125001 0.7313482203125 0.8838456015625 0.739127096875 0.902630134375 0.7432528015625001 0.9217211984375 0.73477124375 0.9344588343750001 0.7183802312500001 0.9388386125 0.6960633484375001 0.9371407187499999 0.685439671875
0 0.902844346875 0.8272753156249999 0.912042040625 0.8172268 0.9187817765625 0.7906815859375 0.9162104390625 0.7695648109375 0.90798135 0.752154053125 0.9006257046874999 0.7452363890625 0.8823100890625 0.743486009375 0.87417899375 0.7468002859375 0.8589680156249999 0.762799559375 0.8536504109375 0.780365790625 0.8549283859375001 0.7989766578124999 0.8639819234375 0.8165179984375 0.885111028125 0.8325203328124999 0.902844346875 0.8272753156249999
0 0.9326167859375 0.7353464062499999 0.9098723968750001 0.7455503921875 0.9170348875000001 0.769695390625 0.91740864375 0.8100230875 0.9437909687499999 0.8142016375000001 0.956577603125 0.808173140625 0.957698328125 0.8064330999999999 0.96551264375 0.7570954484375 0.964932625 0.7554216046875 0.95187023125 0.741847440625 0.9418634765625 0.7356604109375 0.9326167859375 0.7353464062499999
0 0.8812702234374999 0.9688249062500001 0.8948813031249999 0.962926990625 0.9049034453125 0.95300905625 0.914698821875 0.933850978125 0.9174787015625 0.921635453125 0.9139051484375 0.9015104718750001 0.8982560296875001 0.8829244953125001 0.881767075 0.8803129015625 0.869335975 0.8840966515625001 0.8596693671875 0.8917698406250001 0.8475784140625 0.9094138062500001 0.8449119171874999 0.926249403125 0.8480165546875 0.9439990578125 0.8549522812499999 0.9589039125 0.868547975 0.9691109578124999 0.8812702234374999 0.9688249062500001
0 0.855838278125 0.894614640625 0.8605581984375 0.886157975 0.8613980343750001 0.8701835921875001 0.823844359375 0.8458272171875001 0.81330430625 0.8430073078125 0.8091176828125001 0.8480968546875 0.8034935421875 0.87827035 0.806371415625 0.886779859375 0.8116736343750001 0.885318590625 0.82727375625 0.89354205 0.8368605921875 0.9077162703124999 0.8458161343749999 0.904532575 0.855838278125 0.894614640625
0 0.8389966265625001 0.9529251984375 0.8428431046875 0.9339754359375 0.8408540625 0.919854059375 0.823975965625 0.8930197312500001 0.8008914296875 0.8893635 0.7812670640625 0.9012121765625001 0.77082500625 0.9191173031250001 0.77391425625 0.9529719203125 0.778441025 0.961742590625 0.7945100625 0.9723413750000001 0.8060523281249999 0.974169490625 0.82826341875 0.9673326265625001 0.8389966265625001 0.9529251984375
0 0.8090686859374999 0.8377343375 0.7762195468749999 0.8210262593750001 0.769623965625 0.819981621875 0.753168621875 0.8438375078125 0.753428996875 0.8795451328125001 0.7621913859375 0.8935887734374999 0.7707270109375 0.89839226875 0.783449259375 0.8981062171874999 0.793940315625 0.8905636093749999 0.8003091343750001 0.882368103125 0.8056267390625 0.864801871875 0.8090686859374999 0.8377343375
0 0.7317483703125001 0.8243374734375 0.7304886171875 0.8482990484374999 0.73873309375 0.8496048453125 0.7505175125 0.8445681421875 0.7634329140625 0.8270547546874999 0.7645638984375001 0.814578071875 0.7425459609375 0.8041876015625 0.72605700625 0.8015760078125 0.7317483703125001 0.8243374734375
0 0.731683984375 0.8300799187499999 0.7287571125000001 0.8112078921875 0.7176991484374999 0.7956501390625 0.691203440625 0.7868515171875 0.690510596875 0.8339134515625 0.6851286062499999 0.857222128125 0.6939553796875 0.8655233234375 0.709150971875 0.8656290109375 0.7234731187500001 0.8552416015625001 0.7286619546875001 0.8491602625000001 0.731683984375 0.8300799187499999
0 0.6637909609375 0.8745520906250001 0.6729242703125 0.870246021875 0.6848374578125 0.853724428125 0.6908171328125 0.8213061890625 0.69007245625 0.7993281999999999 0.6857878390625001 0.7836927140625 0.6750210203125 0.771632659375 0.666307628125 0.7679515375 0.65358538125 0.7682375875 0.6390854671875 0.7797473703125 0.6260902953125 0.8191081640625001 0.6285972484375 0.845967384375 0.637295253125 0.86575346875 0.6518931609374999 0.874968721875 0.6637909609375 0.8745520906250001
0 0.6256059921875 0.8328378015625001 0.624085865625 0.8210917515625 0.6267523625 0.8042561546875 0.63596544375 0.778102678125 0.6326186546875 0.7672178421875 0.6140762750000001 0.7562273187499999 0.5810983671875001 0.75100413125 0.5596809515625 0.7901815 0.5621879046875 0.8170407203125001 0.5667146734374999 0.8258113890625 0.5756548296874999 0.8387326578125001 0.586017115625 0.8426749390625 0.6256059921875 0.8328378015625001
0 0.56438265 0.7391523921875 0.5600672578125 0.7557268296874999 0.5459074921875 0.781096828125 0.5460208734374999 0.7857168999999999 0.5557364796875001 0.7884062296875001 0.5619919140625 0.77559065 0.5731940375 0.7635585484375 0.5791583250000001 0.7472452703125 0.57280489375 0.739335815625 0.56438265 0.7391523921875
0 0.5718419625 0.8841499 0.5768194234374999 0.8527234515625001 0.5751215296875001 0.8420997765625 0.565712459375 0.8268031828125 0.547234465625 0.8100702125 0.5308588921874999 0.8120786921875001 0.504074871875 0.858459775 0.5046417812499999 0.8815601375 0.519224303125 0.9068803515624999 0.5305244203124999 0.9155732875 0.5475466734375 0.9148177593750001 0.557035515625 0.9082669453125 0.5718419625 0.8841499
0 0.5887816078125 0.8465643765624999 0.5923397734375 0.8827943203125 0.604933253125 0.8939931609375 0.6230711015625 0.8968659125 0.6381686984375 0.876246565625 0.639235296875 0.869512328125 0.6293573125 0.8518404078125 0.6260749078125001 0.8352131265624999 0.5887816078125 0.8465643765624999
0 0.695800265625 0.9072345531250001 0.6983533796875 0.8857788828125001 0.693066546875 0.8711351875 0.6834153265625 0.8627034140625 0.66361319375 0.8756744640624999 0.641175340625 0.8732711859375 0.62336225 0.9003636125 0.6241069265625 0.9223416 0.6320938640625 0.9466171765625001 0.6519939921875 0.9543711625 0.6646028578125 0.9494650390625001 0.69054704375 0.9190583374999999 0.695800265625 0.9072345531250001
0 0.7209843890625 0.8709548249999999 0.7152776375000001 0.8642983234375 0.6944242953125 0.8678986484375001 0.700002275 0.8860400421874999 0.6937314531250001 0.914960584375 0.6848249078124999 0.928506796875 0.6895938265625 0.9304126484375 0.7030271406249999 0.9256371046874999 0.7174136718749999 0.9095072500000001 0.7228600484375 0.8804561296875001 0.7209843890625 0.8709548249999999
0 0.7303108515625001 0.849421421875 0.726770909375 0.8557639203124999 0.71723590625 0.9106296234375 0.72630483125 0.912066 0.7347914578125 0.9065069781249999 0.744991365625 0.8954666703124999 0.7502445875 0.8836428859375 0.7511488078124999 0.8619260578124999 0.7474464859375 0.8532859687500001 0.7303108515625001 0.849421421875
0 0.7523623984375 0.8862793718749999 0.7471091765625 0.89810315625 0.75915396875 0.9287740781249999 0.7610786265625 0.9486378984374999 0.7729120421875 0.9539637140625 0.773331959375 0.9459765234375 0.7671072984375 0.9265821765625001 0.77678929375 0.902804025 0.7523623984375 0.8862793718749999
0 0.75812098125 0.9619757968749999 0.7613851609375 0.936030634375 0.748338153125 0.9063515078125001 0.7400936765624999 0.9050457109375 0.725593765625 0.91655549375 0.7175270546875 0.9141273234374999 0.7023160749999999 0.9301265984375 0.7022363046875 0.9519740046875 0.6982120609375 0.9720461421875 0.7132144984375001 0.9893791656250001 0.7302367515625 0.988623640625 0.7475011546875 0.9810032953125001 0.75812098125 0.9619757968749999
0 0.8306828390625001 1 0.8307059875 0.9999342890625 0.8343746984375 0.9821068984375 0.8313834437500001 0.9689773171875 0.8048723484375 0.9762836578125 0.7933300812499999 0.9744555421875001 0.781383284375 0.9645096546874999 0.7762588296875 0.9648485499999999 0.7733011859375 0.9781864484374999 0.7779255453125 1 0.8306828390625001 1
0 0.7774524234375 1 0.7776991859375 0.9984420078125 0.769825628125 0.978786503125 0.7591721921875 0.971346521875 0.734358990625 0.9892765390625 0.7093834078125 0.9922239656249999 0.7050433671875 1 0.7774524234375 1
0 0.6833566156249999 0.9858006703125 0.696563165625 0.9717849828125 0.6984542109375 0.9651813234375 0.70142724375 0.9357384625 0.693716065625 0.931065546875 0.6789893890625 0.933335184375 0.6579428921875 0.9541628453125 0.6435717484375 0.9541877390625 0.6333872281249999 0.9491230828124999 0.62866730625 0.9575797484375 0.64342759375 0.981777590625 0.6509610046875001 0.98757288125 0.6682744046875 0.990315053125 0.674287690625 0.98436429375 0.6833566156249999 0.9858006703125
0 0.6885454515625 0.9797193296875 0.6526098984375001 0.9878340390625 0.6774567125 0.996371503125 0.6895966640625 0.9890900531250001 0.6936055203125 0.9851228796875 0.6885454515625 0.9797193296875
0 0.700545640625 1 0.7024966781249999 0.9876816296875001 0.6973232281249999 0.9776580062500001 0.6809322703125 0.9957714484375 0.682149065625 1 0.700545640625 1
0 0.6480233421875 1 0.6485366578125 0.997543659375 0.64701653125 0.9857976078125 0.6282473890625 0.9655669390625 0.609852 0.98566396875 0.5891120390625 0.993884365625 0.59208275 1 0.6480233421875 1
0 0.5844075046875 0.9862360703125 0.5992475640625 0.9885865046875001 0.60820310625 0.9854028093749999 0.6194052265625001 0.9733707078125 0.6265494953124999 0.9549432640625 0.6289738421875 0.9449724843749999 0.6221178843749999 0.9082202234375 0.6165889015625 0.900441346875 0.5962198609375 0.8903120359375001 0.59191985625 0.8907815125 0.5850667374999999 0.9127066546875 0.5797001328125 0.9199103671875 0.5597202343750001 0.934003790625 0.5590581671875 0.9488558015624999 0.5654605953125 0.967127775 0.5735763015625001 0.9799184625 0.5844075046875 0.9862360703125
0 0.5318023953125001 0.9341841546874999 0.5348734203125 0.925466328125 0.5222799421875 0.9142674890625001 0.5188379953125 0.9413350234375001 0.5318023953125001 0.9341841546874999
0 0.519984365625 0.9127533765625 0.4997594796875 0.8750342124999999 0.4956372421875 0.8743813140625001 0.46437545 0.9223542468750001 0.4546290703125 0.9518748421875 0.4645070546875 0.9695467609374999 0.473220446875 0.9732278843750001 0.501849353125 0.9685580296875 0.5127603265625 0.9530282296875001 0.5168335671875 0.9433186109375 0.519984365625 0.9127533765625
0 0.5654629156250001 1 0.569276296875 0.9803879375 0.55317365 0.9433216718749999 0.5365713140625 0.93609000625 0.5181269296875 0.9458245156249999 0.5037250109375 0.9780593328125 0.5023726500000001 1 0.5654629156250001 1
0 0.500552059375 1 0.5015918140625 0.9915278109375001 0.496660515625 0.9746393687499999 0.4768093859375 0.9772479031250001 0.45425814999999997 0.9702245515625 0.438642640625 0.9781060546875 0.4343850390625 0.9958401734375 0.46064914999999995 1 0.500552059375 1
0 0.9293947250000001 0.9637912640625 0.9230076828125 0.9294143296874999 0.928843203125 0.924585940625 0.930265334375 0.9156069578125001 0.918594296875 0.9252637312499999 0.9037234656249999 0.955123221875 0.8947035375000001 0.9640493640625 0.8877524234375 0.9652494718750001 0.9021725640625 0.9755870968749999 0.91736815625 0.9756927859375001 0.924028121875 0.970994978125 0.9293947250000001 0.9637912640625
0 0.93084763125 0.9226023546875 0.9278409890624999 0.9255777343749999 0.9251254937500001 0.932050815625 0.9251744921875 0.94241333125 0.93057470625 0.9616770984375 0.9325909343750001 0.964954940625 0.940336471875 0.9160515406249999 0.933740890625 0.915006903125 0.9319142296875 0.9158681171874999 0.932205378125 0.9193658156250001 0.93084763125 0.9226023546875
0 0.9187259015624999 0.972456246875 0.916365940625 0.9766845796875 0.917659303125 0.979190484375 0.920779328125 0.9808351765625 0.921426009375 0.9820881312499999 0.9288460374999999 0.9832633484375 0.9294927203125001 0.9845162999999999 0.93251475 0.9654359578125 0.9318680671875 0.964183003125 0.9292169578125 0.9649136390624999 0.9213770125 0.9717256125 0.9187259015624999 0.972456246875
0 0.9270403421875001 1 0.929314953125 0.9856386734375 0.9268416109375 0.985246934375 0.9204237953125001 0.9830799234375001 0.9197771140625 0.9818269718750001 0.917126003125 0.9825576046875 0.9165927046875 0.9859247234374999 0.9175305343750001 0.990675375 0.9155086828125001 1 0.9270403421875001 1
0 0.915223125 1 0.91681946875 0.9951648671875001 0.9164149374999999 0.987047096875 0.9138925984374999 0.976292840625 0.9124214687500001 0.9749093078125 0.8982280906250001 0.9738118265625 0.892165809375 0.9694000687500001 0.8886902531249999 0.9700001234375 0.8867992062500001 0.9766037843750001 0.8883837171875 0.9826073875000001 0.8856038390625001 0.9948229124999999 0.8805927671875 0.9997818796875 0.8805012640625 1 0.915223125 1
0 0.8813164640625001 1 0.8814172156250001 0.9999124593750001 0.8847793906250001 0.9946923328124999 0.8853126906250001 0.9913252124999999 0.8863149046875 0.99033341875 0.8875592703124999 0.9824768078125 0.8866214390625 0.9777261562499999 0.8873325046874999 0.9732366625 0.886216909375 0.969608384375 0.88291911875 0.9690860656250001 0.87826358125 0.9718002875 0.8766146859375 0.9715391265625 0.8736080421875 0.9745145093750001 0.8734302765624999 0.97563688125 0.8714258484374999 0.97762046875 0.871070315625 0.9798652140625 0.8638770499999999 0.9879301421875001 0.8625193031249999 0.99116668125 0.857330465625 0.9972480218750001 0.8568945953125 1 0.8813164640625001 1
0 0.8250686187499999 0.7119879953125 0.8173728296875 0.6912101171875 0.7889860750000001 0.689015153125 0.7785930140625 0.717282796875 0.762088671875 0.730776165625 0.7613776062500001 0.7352656578125 0.76824895 0.7559129578125 0.7757823609375001 0.7617082484375 0.7881490765625 0.7636669421875 0.8025846046874999 0.75789960625 0.8218688234375 0.7321907109375 0.8250686187499999 0.7119879953125