0 0.028571428125 0 0.0357142859375 0.0628571421875 0.058571428125000005 0.1 0.09285714218749999 0.1 0.10857142812500001 0.08 0.1171428578125 0.051428571874999995 0.1157142859375 0 0.028571428125 0
0 0.16999999999999998 0.2542857140625 0.178571428125 0.22857142812500003 0.18 0.188571428125 0.16999999999999998 0.1371428578125 0.141428571875 0.0742857140625 0.1371428578125 0.0742857140625 0.13999999999999999 0.08857142812499999 0.13571428593749998 0.09714285781250001 0.12 0.1 0.098571428125 0.131428571875 0.09 0.18 0.0957142859375 0.2428571421875 0.1171428578125 0.2742857140625 0.1528571421875 0.2742857140625 0.16999999999999998 0.2542857140625
0 0.0628571421875 0.8428571421875001 0.078571428125 0.828571428125 0.09 0.8028571421875 0.09285714218749999 0.7342857140625 0.0771428578125 0.6942857140625 0.044285714062499995 0.6828571421875 0.021428571875 0.7057142859375001 0.0128571421875 0.7257142859375 0.008571428124999999 0.7828571421875 0.0142857140625 0.808571428125 0.03 0.8371428578125 0.0628571421875 0.8428571421875001
0 0.16 0.6657142859375 0.16999999999999998 0.5971428578125 0.1642857140625 0.5628571421874999 0.15 0.5342857140625 0.128571428125 0.5171428578125 0.1028571421875 0.5228571421875 0.08 0.5714285718750001 0.08 0.6428571421875 0.10142857187500001 0.688571428125 0.13571428593749998 0.6971428578125 0.16 0.6657142859375
0 0.10571428593750001 0.9628571421875 0.071428571875 0.9771428578125001 0.0642857140625 0.9971428578125 0.1328571421875 0.9971428578125 0.121428571875 0.9742857140625001 0.10571428593750001 0.9628571421875
0 0.191428571875 0.9400000000000001 0.2157142859375 0.8857142859374999 0.22000000000000003 0.8485714281250001 0.2171428578125 0.8 0.20428571406249998 0.76 0.181428571875 0.728571428125 0.16142857187499998 0.7228571421875001 0.141428571875 0.731428571875 0.11857142812499999 0.76 0.10714285781249999 0.7971428578124999 0.10857142812500001 0.868571428125 0.11857142812499999 0.9028571421875 0.1428571421875 0.9400000000000001 0.191428571875 0.9400000000000001
0 0.22857142812500003 0.6171428578125 0.24571428593750003 0.6171428578125 0.281428571875 0.5885714281250001 0.29571428593750004 0.5628571421874999 0.3057142859375 0.5228571421875 0.3057142859375 0.4571428578125 0.29285714218750003 0.411428571875 0.2742857140625 0.38 0.23714285781250002 0.3571428578125 0.22142857187499998 0.3628571421875 0.1928571421875 0.4 0.1771428578125 0.45999999999999996 0.1757142859375 0.528571428125 0.1857142859375 0.5714285718750001 0.20428571406249998 0.6 0.22857142812500003 0.6171428578125
0 0.3042857140625 0.3171428578125 0.3257142859375 0.32 0.34571428593750003 0.308571428125 0.3671428578125 0.27142857187499997 0.3771428578125 0.22857142812500003 0.38 0.18 0.3728571421875 0.1257142859375 0.351428571875 0.0771428578125 0.3328571421875 0.0571428578125 0.29571428593750004 0.054285714062500004 0.2742857140625 0.071428571875 0.2557142859375 0.1028571421875 0.24428571406250002 0.151428571875 0.2428571421875 0.188571428125 0.2557142859375 0.2542857140625 0.27714285781250003 0.29428571406250004 0.3042857140625 0.3171428578125
0 0.24714285781249998 0 0.2642857140625 0.028571428125 0.281428571875 0.0342857140625 0.3 0.028571428125 0.32 0 0.24714285781249998 0
0 0.36 0 0.3628571421875 0.068571428125 0.3757142859375 0.10857142812500001 0.391428571875 0.128571428125 0.448571428125 0.12 0.468571428125 0.0828571421875 0.468571428125 0 0.36 0
0 0.4328571421875 0.628571428125 0.47428571406250003 0.6228571421875 0.4971428578125 0.6057142859375 0.53 0.5428571421874999 0.5428571421874999 0.4942857140625 0.5428571421874999 0.4342857140625 0.531428571875 0.371428571875 0.508571428125 0.3171428578125 0.47428571406250003 0.28571428593750003 0.43857142812500005 0.27999999999999997 0.40714285781250004 0.29428571406250004 0.381428571875 0.33142857187499997 0.3657142859375 0.391428571875 0.3657142859375 0.47142857187500004 0.3757142859375 0.528571428125 0.40142857187500003 0.5885714281250001 0.4328571421875 0.628571428125
0 0.3357142859375 0.8800000000000001 0.3628571421875 0.8771428578125 0.3842857140625 0.8571428578125 0.4 0.8257142859375 0.41285714218749997 0.7628571421875 0.41285714218749997 0.7142857140625 0.4042857140625 0.668571428125 0.38 0.6228571421875 0.36 0.611428571875 0.3328571421875 0.608571428125 0.311428571875 0.6228571421875 0.29 0.6628571421875 0.278571428125 0.711428571875 0.278571428125 0.7628571421875 0.288571428125 0.8114285718750001 0.31 0.8571428578125 0.3357142859375 0.8800000000000001
0 0.3142857140625 0.9 0.28714285781250004 0.9 0.258571428125 0.951428571875 0.2557142859375 0.9971428578125 0.34857142812499997 0.991428571875 0.341428571875 0.9371428578125001 0.3142857140625 0.9
0 0.46571428593749997 0.9800000000000001 0.4671428578125 0.951428571875 0.45999999999999996 0.908571428125 0.4528571421875 0.8885714281249999 0.4342857140625 0.871428571875 0.4042857140625 0.8800000000000001 0.3828571421875 0.9314285718749999 0.381428571875 0.9742857140625001 0.3871428578125 0.9971428578125 0.45857142812499996 0.9971428578125 0.46571428593749997 0.9800000000000001
0 0.4828571421875 0.9142857140625 0.5142857140625 0.9142857140625 0.538571428125 0.8914285718749999 0.561428571875 0.8485714281250001 0.5700000000000001 0.808571428125 0.5714285718750001 0.7742857140625 0.5599999999999999 0.6942857140625 0.5428571421874999 0.6571428578125 0.5171428578125 0.6371428578125 0.4828571421875 0.6371428578125 0.45857142812499996 0.6599999999999999 0.43857142812500005 0.7 0.428571428125 0.7428571421875 0.42714285781249994 0.7971428578124999 0.44142857187500006 0.8571428578125 0.46142857187499997 0.8971428578125 0.4828571421875 0.9142857140625
0 0.5128571421875 0.28571428593750003 0.521428571875 0.27999999999999997 0.5342857140625 0.29428571406250004 0.5528571421875 0.2971428578125 0.5771428578125 0.2742857140625 0.5928571421875 0.2428571421875 0.6071428578125 0.17428571406249999 0.6028571421875 0.10571428593750001 0.5757142859375 0.051428571874999995 0.5557142859375 0.031428571875 0.531428571875 0.031428571875 0.508571428125 0.048571428124999996 0.48857142812500004 0.08 0.4771428578125 0.12285714218749999 0.4757142859375 0.1628571421875 0.4828571421875 0.2057142859375 0.5128571421875 0.268571428125 0.5128571421875 0.28571428593750003
0 0.67 0.031428571875 0.6871428578125001 0 0.6128571421875 0.0028571421875 0.631428571875 0.0342857140625 0.6471428578125 0.04 0.67 0.031428571875
0 0.6142857140625 0.4857142859375 0.641428571875 0.49142857187500005 0.6642857140625 0.4771428578125 0.6814285718749999 0.451428571875 0.6957142859375 0.3942857140625 0.6957142859375 0.33714285781250003 0.688571428125 0.2971428578125 0.6657142859375 0.248571428125 0.6471428578125 0.231428571875 0.621428571875 0.231428571875 0.598571428125 0.248571428125 0.5771428578125 0.2828571421875 0.5657142859375 0.328571428125 0.5657142859375 0.3828571421875 0.5757142859375 0.431428571875 0.5928571421875 0.46571428593749997 0.6142857140625 0.4857142859375
0 0.631428571875 0.868571428125 0.6614285718749999 0.8828571421875001 0.6971428578125 0.8742857140625 0.718571428125 0.8514285718749999 0.74 0.8 0.7542857140625 0.7171428578125 0.7557142859375 0.628571428125 0.75 0.5857142859375 0.7342857140625 0.551428571875 0.7057142859375001 0.5342857140625 0.6814285718749999 0.5371428578125 0.6785714281249999 0.5142857140625 0.671428571875 0.5342857140625 0.6328571421875 0.5371428578125 0.6071428578125 0.5714285718750001 0.5885714281250001 0.6342857140625 0.5842857140625 0.731428571875 0.5900000000000001 0.7742857140625 0.6028571421875 0.82 0.631428571875 0.868571428125
0 0.611428571875 0.908571428125 0.58 0.9199999999999999 0.5657142859375 0.9571428578125 0.5657142859375 0.9971428578125 0.6428571421875 0.9942857140625 0.6357142859375 0.9400000000000001 0.611428571875 0.908571428125
0 0.7428571421875 0.9400000000000001 0.7157142859375 0.9542857140625 0.7 0.9857142859374999 0.6971428578125 0.9971428578125 0.78 0.9971428578125 0.7671428578125 0.9571428578125 0.7428571421875 0.9400000000000001
0 0.831428571875 0.688571428125 0.8528571421875 0.6571428578125 0.8614285718750001 0.6257142859375 0.86 0.548571428125 0.8528571421875 0.5228571421875 0.8328571421875001 0.49142857187500005 0.8057142859375 0.4857142859375 0.7871428578125 0.5 0.771428571875 0.5257142859374999 0.7628571421875 0.5571428578125001 0.7628571421875 0.62 0.78 0.671428571875 0.7928571421874999 0.688571428125 0.831428571875 0.688571428125
0 0.72 0.2657142859375 0.751428571875 0.24571428593750003 0.7728571421875 0.1942857140625 0.7728571421875 0.128571428125 0.75 0.0657142859375 0.74 0.054285714062500004 0.7042857140625001 0.051428571874999995 0.6857142859375001 0.0771428578125 0.6757142859374999 0.1171428578125 0.6771428578124999 0.1771428578125 0.688571428125 0.2228571421875 0.711428571875 0.26 0.72 0.2657142859375
0 0.8528571421875 0.44571428593749995 0.8871428578125 0.4371428578125 0.9057142859375 0.40857142812499997 0.918571428125 0.371428571875 0.9228571421874999 0.2971428578125 0.9171428578124999 0.2542857140625 0.9042857140624999 0.22000000000000003 0.8757142859375 0.1857142859375 0.8371428578125 0.1857142859375 0.808571428125 0.231428571875 0.7971428578124999 0.27142857187499997 0.7971428578124999 0.3628571421875 0.8028571421875 0.3857142859375 0.828571428125 0.428571428125 0.8248910421875 0.4405326890625 0.8328571421875001 0.431428571875 0.8528571421875 0.44571428593749995
0 0.97 0.5885714281250001 0.978571428125 0.5657142859375 0.981428571875 0.52 0.9757142859375 0.4857142859375 0.9485714281250001 0.4371428578125 0.9157142859375 0.44000000000000006 0.8957142859375 0.468571428125 0.89 0.4942857140625 0.8928571421875 0.5657142859375 0.9157142859375 0.6057142859375 0.9471428578125 0.611428571875 0.97 0.5885714281250001
0 0.8514285718749999 0.808571428125 0.86 0.8257142859375 0.9285714281249999 0.8342857140625 0.9471428578125 0.808571428125 0.9385714281249999 0.7428571421875 0.921428571875 0.708571428125 0.89 0.6914285718750001 0.8699999999999999 0.6914285718750001 0.8528571421875 0.708571428125 0.8428571421875001 0.7257142859375 0.8428571421875001 0.7428571421875 0.8514285718749999 0.768571428125 0.8514285718749999 0.808571428125
0 0.9357142859375 0.871428571875 0.9242857140625 0.8457142859375001 0.8614285718750001 0.86 0.8614285718750001 0.8857142859374999 0.8914285718749999 0.908571428125 0.9099999999999999 0.9028571421875 0.9357142859375 0.871428571875