0 0.8959258531250001 0 0.8955627265625001 0.0351943609375 0.9051231703125 0.065152553125 0.922054884375 0.0859445578125 0.9581939578125 0.0853137484375 0.9816032953124999 0.0457425453125 0.9859941640625 0 0.8959258531250001 0
0 0.92167166875 0.236576596875 0.9265383640625 0.1702164953125 0.916609946875 0.1191771765625 0.893444784375 0.0864439484375 0.8768284765625 0.0837214796875 0.8721533890625001 0.0747655640625 0.8749021406249999 0.05965505 0.87038475625 0.059733901562500004 0.8414253468749999 0.1265145421875 0.8318309984375001 0.1809071390625 0.8340727390625 0.2230431078125 0.8435806140625 0.2499897109375 0.862018121875 0.27075543125 0.899662990625 0.2700983375 0.92167166875 0.236576596875
0 1 0.7148896687499999 0.9839756734374999 0.69941515625 0.9495526640625 0.7120660421875 0.9337248671875 0.7545174140625 0.9379980765625 0.8267429937499999 0.950517540625 0.8536370281250001 0.9673441203124999 0.8684058531250001 1 0.8621375328124999 1 0.7148896687499999
0 0.945594859375 0.6579099984375001 0.9442806734375001 0.5826202625 0.9192943093749999 0.53184378125 0.8920848703125 0.526293709375 0.8698133531250001 0.544757503125 0.85528108125 0.5751362359375001 0.8498887125 0.61138044375 0.8616908953125 0.683474603125 0.8878676484374999 0.7161552625 0.9238490203125 0.7064896859375 0.945594859375 0.6579099984375001
0 0.9196317984375 0.8963512390625 0.9198234046874999 0.8210352203125 0.9070936703125 0.7820948265625 0.8824752796875 0.7523994734375 0.86123645 0.7437326765625001 0.840260459375 0.750123828125 0.8167459859375 0.7836718515625 0.8039297781249999 0.8260706578124999 0.8018118375000001 0.8773202453125 0.8070125984375001 0.91639205625 0.8336098906249999 0.9731654328125 0.8848069109375001 0.9722717859375001 0.9097220453125001 0.9326742984375 0.9196317984375 0.8963512390625
0 0.8426039140625001 0.5392074328125 0.8398364984375 0.46695556875 0.822168840625 0.4040013125 0.79136956875 0.3653763234375 0.7747006921875 0.359642265625 0.73597056875 0.384418359375 0.7169734796875 0.41788753125 0.70426240625 0.46630951718749997 0.705471459375 0.5355760734375 0.7167479671875 0.577554340625 0.7322790234375 0.60439580625 0.770449565625 0.6338546078125 0.7885191015624999 0.633539203125 0.8138022062499999 0.61502284375 0.8328518640624999 0.5845652593749999 0.8426039140625001 0.5392074328125
0 0.76557603125 0.1820636234375 0.7633868578125 0.14293924375 0.7504468531249999 0.09195249375 0.73029328125 0.0591667 0.707390953125 0.041491418749999995 0.6682928578125 0.045186384375 0.6490855 0.06660920000000001 0.6273922265625 0.11820047656249999 0.620862034375 0.1755520953125 0.6247672718749999 0.2266965484375 0.6360963468749999 0.2716864046875 0.659366646875 0.31044281093750004 0.680658040625 0.3221211953125 0.7031923953125 0.31871535 0.7313819546875 0.2941232421875 0.75323293125 0.2515667359375 0.76557603125 0.1820636234375
0 0.6918934015625 0 0.7024004625 0.0144659640625 0.7220809296875 0.0201474546875 0.7400453312499999 0.013808871875 0.7480062453125 0 0.6918934015625 0
0 0.52441004375 0 0.5257154671875 0.0747876453125 0.5474799703125 0.11357033593750002 0.6078694625 0.12155375625 0.6240652328125 0.1001835078125 0.6368814390625 0.0577847015625 0.638279484375 0 0.52441004375 0
0 0.6412818671875 0.48247138125 0.6398099765625 0.3981468765625 0.6221423171875 0.33519261875 0.5943546343749999 0.29651506250000004 0.5609643140625 0.282035359375 0.52342458125 0.28871563125 0.4878637484375 0.322473925 0.4647698171875 0.3801146640625 0.45387994374999996 0.44657990312500007 0.4549838609375 0.50982328125 0.4694296609375 0.5607837484375 0.505219425 0.6264341890625 0.5296275453125 0.644083184375 0.5734007265625001 0.6493441359375 0.605792265625 0.606603640625 0.631792653125 0.5428871562500001 0.6412818671875 0.48247138125
0 0.738497228125 0.7880501953125 0.7375510125 0.7338415859375 0.7246110078125 0.6828548343749999 0.70128814375 0.6410868375 0.6784383843749999 0.626423146875 0.6498808515625 0.629934128125 0.6290099953125 0.6423484578124999 0.604252565625 0.6909807140625001 0.596058878125 0.739323846875 0.5969525250000001 0.7905208671875 0.6116611625 0.8565392812500001 0.6288031453125 0.8893776453125 0.6517580390625 0.910064515625 0.68042070625 0.9125767124999999 0.7071044718749999 0.8880108906249999 0.7288503125 0.8394312015625 0.738497228125 0.7880501953125
0 0.675448878125 0.9729136359374999 0.6726993234374999 0.9970616859374999 0.763770184375 0.9954720390625 0.7630478078125 0.986447125 0.7319857 0.9327641906249999 0.7033756 0.93326358125 0.675448878125 0.9729136359374999
0 0.5571032421875 0.9237667484375001 0.549942240625 0.94497929375 0.5432017796874999 0.990284553125 0.5438112203125 0.9993114359374999 0.633205234375 0.9977510578125001 0.631675696875 0.9676526875 0.608142559375 0.91383833125 0.5763631671875 0.9053555234375 0.5571032421875 0.9237667484375001
0 0.5825253874999999 0.826922778125 0.580020809375 0.7697288624999999 0.568691734375 0.72473900625 0.5468746640625 0.6829447265625 0.5208556140625 0.6592988359375 0.484716540625 0.6599296453125 0.4579802078125 0.6814838796875 0.4405940484375 0.720949946875 0.43001957968750004 0.8054847203125 0.432156184375 0.8415975093749999 0.4419268984375 0.883602059375 0.46680812656250004 0.9283553625 0.4928271765625 0.9520012546875 0.525954659375 0.9514230124999999 0.548226175 0.93295921875 0.56857135625 0.8904289953125 0.5825253874999999 0.826922778125
0 0.519658384375 0.1592435703125 0.5174166453125 0.1171076015625 0.5045817734375 0.07214402812500001 0.4829224046875 0.0393845171875 0.4585142859375 0.0217355203125 0.432915775 0.022182345312499997 0.412202621875 0.04363144375 0.38459130468749997 0.101351034375 0.3813355390625 0.17370803125 0.3976551078125 0.24572334062499998 0.41479709062500003 0.2785617046875 0.44081614062499996 0.30220759531249997 0.4603389046875 0.298854315625 0.47362822031249996 0.283559815625 0.48276812343750003 0.2894252921875 0.48245271875 0.27135575625 0.512917921875 0.2045488296875 0.519658384375 0.1592435703125
0 0.3669772875 0.00224575625 0.300585428125 0.0034046296875 0.312452196875 0.02428504375 0.33670261562500003 0.032899271875000004 0.353161221875 0.0265869734375 0.3669772875 0.00224575625
0 0.4288410140625 0.3927918328125 0.42784223125 0.3355716328125 0.41495479218750003 0.28759647187500004 0.3917370625 0.2518516546875 0.3673289421875 0.2342026578125 0.3402246375 0.23467576562499998 0.3209647109375 0.253086990625 0.2977656421875 0.30470454999999996 0.2909726140625 0.34699822187499996 0.29202396249999996 0.4072300109375 0.308133259375 0.46719896250000004 0.32667590468749996 0.49398786093749997 0.3510314578125 0.5086252703125 0.37953642187500003 0.5021027 0.40175537187500004 0.48062731718749996 0.4191940984375 0.44417283906250005 0.4288410140625 0.3927918328125
0 0.41567891562500003 0.760547434375 0.40937423749999996 0.65823224375 0.38864242031249996 0.5923189640625 0.36090730625 0.5566529984375 0.3201982796875 0.5543510687500001 0.31230133437499996 0.5334013625 0.30971028437500003 0.5575466453125 0.28405920625 0.5549818796875 0.25425871875 0.573577090625 0.2383257859375 0.6100052859375 0.23309112031249998 0.6552842625 0.23622650625000002 0.7486172515625 0.2528089109375 0.8356905078124999 0.2763420453125 0.8895048624999999 0.2993495078125 0.913203321875 0.3371520765625 0.9215809953124999 0.36851092812499997 0.905971090625 0.39773317656249996 0.8542483953125 0.41044424843750005 0.8058264093749999 0.41567891562500003 0.760547434375
0 0.439439871875 1 0.4394070796875 0.998121309375 0.423665753125 0.9592334843750001 0.390328 0.9477653703125 0.3653077328125 0.9813396765625001 0.36318302343750003 1 0.439439871875 1
0 0.22540444218750003 0.6463809140625 0.2242479578125 0.5801259453125 0.2146349484375 0.5471561640625 0.1975980984375 0.5203409796875 0.1777599296875 0.5056247218750001 0.149254965625 0.5121472921875 0.12875208124999998 0.5456427484375 0.12169621562499999 0.572878471875 0.12160974218750001 0.6542176703125 0.131222753125 0.6871874515624999 0.154387915625 0.7199206796875 0.195044375 0.71921101875 0.20828112031249998 0.700904928125 0.22540444218750003 0.6463809140625
0 0.30760416562500004 0.178007525 0.3080060421875 0.1147378625 0.296729534375 0.07275959531250001 0.27668109687500003 0.0459969796875 0.2390887953125 0.049665664062499996 0.22875850312499998 0.0618960078125 0.20582227187500002 0.128571515625 0.2070313234375 0.197838071875 0.2305644609375 0.25165242499999996 0.264059915625 0.272155309375 0.27298955 0.265974428125 0.2963988875 0.226403225 0.30760416562500004 0.178007525
0 0.1526158640625 0.44581347187500003 0.1789316578125 0.400166521875 0.1845342953125 0.37596867343749996 0.1828521359375 0.2795978109375 0.170069834375 0.237645828125 0.1391128578125 0.189986071875 0.09845640156249999 0.19069573281250002 0.0689713171875 0.2273604828125 0.056049974999999995 0.263736109375 0.0508153078125 0.309015084375 0.056699446875000004 0.38723755937500004 0.0709349765625 0.42615166875000005 0.0910359828125 0.455925875 0.127332759375 0.46432983281249995 0.1481510484375 0.44890391249999995 0.15671527031250002 0.45835359999999997 0.1526158640625 0.44581347187500003
0 0.087378340625 0.591552534375 0.08907574375 0.51621023125 0.08257945625 0.4892110609375 0.06097265625 0.45946313906249997 0.0262868109375 0.4570560765625 0.00002911875 0.5060316234375 0.0017583125000000001 0.605097065625 0.0064859656249999995 0.6170645718750001 0.030999221875 0.640736746875 0.0640215703125 0.634135325 0.087378340625 0.591552534375
0 0.14302493593750001 0.7592816124999999 0.13216896875 0.7413960625 0.1137840265625 0.7236419296875 0.0927029 0.724009903125 0.059890821875 0.74265768125 0.0424520953125 0.779112159375 0.034626378125 0.84853641875 0.0546748171875 0.8752990359374999 0.1267952625 0.865002646875 0.135514625 0.8467754078124999 0.13477867968749999 0.8046131546874999 0.143340340625 0.7773511484375 0.14302493593750001 0.7592816124999999
0 0.1263933828125 0.928272309375 0.1259202765625 0.901168003125 0.059402471874999994 0.8872665421875 0.0478292203125 0.9145811171875 0.07551176875 0.94723549375 0.09519223437499999 0.9529169843749999 0.1263933828125 0.928272309375