0 0 0.9270403421875001 0.02966586875 0.9317389546875001 0.035757954687499996 0.899158315625 0.0315449421875 0.8679951015625 0.018480953124999998 0.8445788125 0 0.8416517171875 0 0.9270403421875001
0 0.045015325 0.69630175625 0.0286992546875 0.7608086078125 0.0296139515625 0.8127965749999999 0.04674311875 0.8490551 0.0626342375 0.8546216 0.0656831203125 0.8642532765625001 0.0603522140625 0.8786569125 0.0648146609375 0.8793636953125 0.10493045000000001 0.8186263484375 0.1238242140625 0.7667261390625 0.128933365625 0.7248410375 0.1242491640625 0.6966527890624999 0.1096976921875 0.67300090625 0.07251063125 0.6671110546875 0.045015325 0.69630175625
0 0.123084721875 0.184136609375 0.131418271875 0.1122662640625 0.12375910625 0.0836068265625 0.10975273906250001 0.06614046875 0.07459826562500001 0.066671734375 0.059271584375 0.0864230890625 0.042123192187500005 0.1946937828125 0.0439987171875 0.2021065546875 0.0640289328125 0.229675778125 0.1001257796875 0.22319458281250001 0.123084721875 0.184136609375
0 0.0946193578125 0.2772151390625 0.0828396546875 0.3515892609375 0.098629175 0.40593317031250004 0.1244614828125 0.4161237921875 0.1496008484375 0.4018079140625 0.1691875546875 0.37441420625 0.1807917421875 0.3396570046875 0.18168788125 0.2666086875 0.1615837484375 0.229878975 0.1244706046875 0.23314961250000002 0.0946193578125 0.2772151390625
0 0.189306359375 0 0.17765950625 0.0128543734375 0.161592871875 0.0469047953125 0.148325684375 0.12104332343749999 0.1541000984375 0.16160261874999998 0.17318793593749998 0.195121771875 0.192599125 0.207344984375 0.21436625625 0.204693371875 0.2433490453125 0.17573826406249998 0.26333302187499996 0.1362091015625 0.2743181828125 0.0861058859375 0.2759811828125 0.0467245609375 0.2633719734375 0 0.189306359375 0
0 0.1754331546875 0.4119985375 0.1656121234375 0.4836332875 0.172079478125 0.5486990859375 0.19570368124999998 0.5920855109375001 0.2111236125 0.6006269750000001 0.253567659375 0.5829527015625 0.2780880015625 0.5532908109375 0.29901435468750004 0.5078117203125 0.30985168125 0.439387528125 0.3060359390625 0.3960888609375 0.2954018078125 0.3669582359375 0.262926628125 0.3313187359375 0.2450768390625 0.32849160624999996 0.216962509375 0.342336296875 0.19291335468749998 0.369023221875 0.1754331546875 0.4119985375
0 0.189273440625 0.7770922796875 0.184635478125 0.8160024171875 0.18852513906249999 0.8684615734375001 0.20267934062499998 0.9042489093749999 0.2221644484375 0.9256326093749999 0.26131017968750003 0.9287830906250001 0.28394576875 0.9110210593750001 0.3142682046875 0.8639805671874999 0.330658190625 0.80863420625 0.335693425 0.7575886140625 0.33234887031250004 0.7113149828124999 0.3161620796875 0.669106528125 0.297222078125 0.65390835 0.2744386515625 0.6533494046875 0.24240698125 0.6726728359374999 0.21349811093749999 0.7107884343750001 0.189273440625 0.7770922796875
0 0.178430640625 0.9553009796874999 0.2272200640625 0.963028465625 0.222386203125 0.953114075 0.20399130781250002 0.9441014234375 0.1851991421875 0.9472242234375001 0.178430640625 0.9553009796874999
0 0.31441603906250004 0.8823015453125 0.2944320640625 0.9218307078124999 0.284314596875 0.9720713515625 0.396495565625 0.9898390703125 0.40686170625000007 0.92438984375 0.392162396875 0.8824169828124999 0.33407666406250003 0.8640683250000001 0.31441603906250004 0.8823015453125
0 0.36384455625 0.502831846875 0.3506512890625 0.5861308625 0.35711864531250004 0.6511966609375001 0.377767884375 0.694111896875 0.40813655625 0.714169790625 0.44626599375 0.7141097140625 0.4871486421875 0.6870393578125 0.5199009343750001 0.6342845296874999 0.542166934375 0.57072005625 0.5520618859375 0.5082457921875 0.5466847421875001 0.45555104375 0.522838784375 0.3846831515625 0.5018661953125 0.3630638578125 0.45967157968750005 0.3502816984375 0.42035033281249995 0.38674813750000003 0.383680696875 0.4449817078125 0.36384455625 0.502831846875
0 0.3211693203125 0.185014190625 0.31268793281249996 0.2385635578125 0.31657759375 0.2910227125 0.3322931953125 0.3362061328125 0.35224949375 0.35461486875000003 0.380982846875 0.356116190625 0.40369235468750003 0.3475146484375 0.436518565625 0.3039203109375 0.45298247031249994 0.2577344359375 0.46099266875 0.2071600328125 0.45797146718750004 0.139590459375 0.4467922296875 0.10427431093749999 0.4277783109375 0.0799156453125 0.3999873328125 0.0724643921875 0.3694431421875 0.09202341875 0.3395918953125 0.1360889453125 0.3211693203125 0.185014190625
0 0.336784325 0 0.3527112453125 0.0436294390625 0.3809734109375 0.0481057265625 0.4153610234375 0.0139074703125 0.41947951093749997 0 0.336784325 0
0 0.460875678125 0 0.45755563906249996 0.0266896296875 0.47138648906249997 0.08377290781249999 0.5012100562499999 0.0976452796875 0.52337445625 0.0828582125 0.534110184375 0.063211428125 0.5486154187500001 0.019764925 0.550550059375 0.0017737796875 0.5393508546875 0 0.460875678125 0
0 0.4815217515625 0.17381639531249998 0.47405665937499997 0.23057632187500002 0.47740121406249997 0.276849953125 0.49162933437499995 0.3217977796875 0.5131470296875 0.3496025984375 0.5488466078124999 0.3552568546875 0.5789196109375 0.33867279375 0.6028948453125 0.3028253796875 0.627987971875 0.221411115625 0.6321547484375001 0.18547594218750002 0.6298264875 0.1424128703125 0.6130945890625 0.09401889218750001 0.59157689375 0.06621407343749999 0.55885228125 0.061031003125000004 0.533712915625 0.0753468828125 0.5062915265625 0.1136980734375 0.4815217515625 0.17381639531249998
0 0.4274923859375 0.8422687968749999 0.4223832328125 0.8841538999999999 0.427215271875 0.930663125 0.44285695625 0.9666860578125 0.4638295453125 0.9883053515625001 0.48911674843749997 0.9923104500000001 0.5132398171875 0.9747840125 0.550454559375 0.9227359671875 0.5662255234375 0.8520435921875 0.5626592140625 0.7782884937500001 0.5514799765625 0.742972346875 0.52996228125 0.7151675281250001 0.5101538203125 0.7150797703125 0.4944105375 0.727834246875 0.48642801875 0.7204707546875 0.483600890625 0.73832054375 0.44199762031249995 0.79882229375 0.4274923859375 0.8422687968749999
0 0.5574852671875 0.628038928125 0.5485326921875 0.6845632609375001 0.552893540625 0.7340474515625 0.56955151875 0.7732809421875 0.590524109375 0.7949002359375 0.6172987953125 0.7991409296875001 0.6394631937499999 0.7843538640625 0.6712731125 0.7375489640625 0.685307159375 0.6970774265624999 0.694730921875 0.6375781296875 0.6892798609375 0.5757228921875 0.6756707640624999 0.546121078125 0.6542269859375 0.5274767484375 0.62502244375 0.5289503921875001 0.599411890625 0.5462412328124999 0.5759078421875 0.579113684375 0.5574852671875 0.628038928125
0 0.6343074921875 0.2681559359375 0.6227495421875 0.3700115234375 0.6317206750000001 0.43852347343750003 0.6528411015625 0.47846374531249997 0.6925319390625 0.48779975000000003 0.696671034375 0.5098024750000001 0.7034155046875 0.48647394374999997 0.72823151875 0.4934540078125 0.7608082953124999 0.4803161 0.7828248609374999 0.44720805781250006 0.7958426125 0.403525959375 0.8089619625 0.3110664546875 0.8077515937499999 0.22243653281250003 0.7939207453125 0.1653532546875 0.7753780124999999 0.13801962343750002 0.7396045171875001 0.12320487656250001 0.70601144375 0.13313222656249998 0.6682515953125 0.178994746875 0.6473252453125 0.2244738375 0.6343074921875 0.2681559359375
0 0.7222535953125 0.0594648859375 0.7308799046875001 0.030335221875000002 0.6540788375 0.018171128124999998 0.6521940859375001 0.0300709859375 0.6609434640625 0.0711014703125 0.6917833234375 0.0881844015625 0.7222535953125 0.0594648859375
0 0.8676388171875 0.0519957046875 0.80282708125 0.041730534375 0.807908553125 0.057783329687499996 0.8338147781249999 0.077134440625 0.861929109375 0.0632897515625 0.8676388171875 0.0519957046875
0 0.8018664609374999 0.413628825 0.791500321875 0.47907805156250005 0.7952421453125 0.51321623125 0.807363759375 0.5425824484375 0.8243450890625 0.560519996875 0.8535496328125 0.5590463546875 0.87955745625 0.5296200578125 0.8912355609375 0.50402334375 0.905445125 0.4239348859375 0.9017032984375 0.38979670781250003 0.8845741328125 0.353538184375 0.8444121078125001 0.34717714375000003 0.8281976359375 0.36290658593749997 0.8018664609374999 0.413628825
0 0.63958335 0.8606127375 0.6282009171875 0.9228514046875 0.632016659375 0.966150071875 0.6471132374999999 0.9959874796875001 0.6847714875 0.9989023671874999 0.6970686171875 0.9886516656250001 0.7312344765625001 0.9269719437499999 0.742071803125 0.8585477515625 0.728240953125 0.801464471875 0.6988146562499999 0.775456646875 0.6889473859375 0.7799930140625 0.6590222203125 0.8148980515625001 0.63958335 0.8606127375
0 0.838721046875 0.6237887984375 0.804878540625 0.6641725796875 0.7951591046875001 0.687029921875 0.780081084375 0.7822287984375 0.785384309375 0.8257630593749999 0.8075949484375 0.8780743796875001 0.8477569734375001 0.8844354187500001 0.8831608796875001 0.8534477218750001 0.9022024796875 0.819868490625 0.9152202328125 0.7761863921875001 0.923008678125 0.6981305234375 0.91574678125 0.6573356328125 0.901121390625 0.6245232625 0.8668353765625 0.609944109375 0.84365468125 0.6215206171875 0.8368614890625 0.61072733125 0.838721046875 0.6237887984375
0 1 0.46349101406250004 0.9923381296875 0.45294535468749997 0.958671140625 0.45371221562499997 0.9282747875 0.49159221875 0.9135201187499999 0.565495153125 0.9152293546875001 0.5932122140625 0.931342228125 0.626260178125 0.9650831359375 0.6346538078124999 0.9899010687500001 0.603112990625 1 0.53935085 1 0.46349101406250004
0 1 0.2175160765625 0.9369408124999999 0.21545175 0.9251887890624999 0.23188797499999997 0.9185921546875001 0.273537484375 0.9054265656249999 0.2988986046875 0.9025994374999999 0.31674839375 0.9101846859375 0.336247340625 0.9252073453125 0.356924259375 0.9460321 0.3602225765625 0.98158384375 0.34755585624999996 1 0.3217992640625 1 0.2175160765625
0 1 0.142528428125 0.9833298828125001 0.13436083906250001 0.948323246875 0.15321308125 0.9440825531250001 0.17998776562500002 1 0.2023579796875 1 0.142528428125